 nspin   vdif :::::: Potentials for silicon 1.00                                
    1   0.0000000000000D+00
 LSMS:           Si     z= 14.    xvalws=  13.13480
  14.                      2.22203    2.  0.6235416860678D+00
                 -0.9201576561540D+01 0.7984234384603D+00 1001 1027
-0.2799240299137D+02-0.2799232661740D+02-0.2799224947540D+02-0.2799217155765D+02
-0.2799209285633D+02-0.2799201336357D+02-0.2799193307140D+02-0.2799185197176D+02
-0.2799177005655D+02-0.2799168731755D+02-0.2799160374648D+02-0.2799151933495D+02
-0.2799143407451D+02-0.2799134795662D+02-0.2799126097265D+02-0.2799117311389D+02
-0.2799108437152D+02-0.2799099473666D+02-0.2799090420033D+02-0.2799081275345D+02
-0.2799072038686D+02-0.2799062709130D+02-0.2799053285742D+02-0.2799043767578D+02
-0.2799034153684D+02-0.2799024443097D+02-0.2799014634842D+02-0.2799004727938D+02
-0.2798994721391D+02-0.2798984614199D+02-0.2798974405347D+02-0.2798964093813D+02
-0.2798953678564D+02-0.2798943158554D+02-0.2798932532731D+02-0.2798921800028D+02
-0.2798910959369D+02-0.2798900009668D+02-0.2798888949828D+02-0.2798877778738D+02
-0.2798866495280D+02-0.2798855098322D+02-0.2798843586721D+02-0.2798831959323D+02
-0.2798820214963D+02-0.2798808352462D+02-0.2798796370631D+02-0.2798784268269D+02
-0.2798772044162D+02-0.2798759697085D+02-0.2798747225798D+02-0.2798734629052D+02
-0.2798721905583D+02-0.2798709054115D+02-0.2798696073359D+02-0.2798682962012D+02
-0.2798669718761D+02-0.2798656342277D+02-0.2798642831218D+02-0.2798629184228D+02
-0.2798615399939D+02-0.2798601476968D+02-0.2798587413918D+02-0.2798573209379D+02
-0.2798558861925D+02-0.2798544370116D+02-0.2798529732500D+02-0.2798514947607D+02
-0.2798500013953D+02-0.2798484930041D+02-0.2798469694357D+02-0.2798454305371D+02
-0.2798438761540D+02-0.2798423061304D+02-0.2798407203087D+02-0.2798391185297D+02
-0.2798375006328D+02-0.2798358664554D+02-0.2798342158336D+02-0.2798325486017D+02
-0.2798308645924D+02-0.2798291636365D+02-0.2798274455634D+02-0.2798257102006D+02
-0.2798239573738D+02-0.2798221869071D+02-0.2798203986227D+02-0.2798185923411D+02
-0.2798167678808D+02-0.2798149250588D+02-0.2798130636899D+02-0.2798111835872D+02
-0.2798092845619D+02-0.2798073664234D+02-0.2798054289789D+02-0.2798034720338D+02
-0.2798014953917D+02-0.2797994988539D+02-0.2797974822199D+02-0.2797954452871D+02
-0.2797933878510D+02-0.2797913097047D+02-0.2797892106396D+02-0.2797870904446D+02
-0.2797849489069D+02-0.2797827858111D+02-0.2797806009400D+02-0.2797783940740D+02
-0.2797761649913D+02-0.2797739134679D+02-0.2797716392774D+02-0.2797693421914D+02
-0.2797670219789D+02-0.2797646784067D+02-0.2797623112392D+02-0.2797599202385D+02
-0.2797575051641D+02-0.2797550657733D+02-0.2797526018207D+02-0.2797501130587D+02
-0.2797475992370D+02-0.2797450601028D+02-0.2797424954008D+02-0.2797399048729D+02
-0.2797372882587D+02-0.2797346452950D+02-0.2797319757159D+02-0.2797292792529D+02
-0.2797265556348D+02-0.2797238045875D+02-0.2797210258342D+02-0.2797182190954D+02
-0.2797153840886D+02-0.2797125205286D+02-0.2797096281272D+02-0.2797067065933D+02
-0.2797037556328D+02-0.2797007749489D+02-0.2796977642413D+02-0.2796947232071D+02
-0.2796916515401D+02-0.2796885489311D+02-0.2796854150677D+02-0.2796822496344D+02
-0.2796790523123D+02-0.2796758227796D+02-0.2796725607110D+02-0.2796692657780D+02
-0.2796659376486D+02-0.2796625759877D+02-0.2796591804566D+02-0.2796557507133D+02
-0.2796522864122D+02-0.2796487872042D+02-0.2796452527368D+02-0.2796416826538D+02
-0.2796380765954D+02-0.2796344341982D+02-0.2796307550951D+02-0.2796270389152D+02
-0.2796232852839D+02-0.2796194938228D+02-0.2796156641496D+02-0.2796117958783D+02
-0.2796078886186D+02-0.2796039419767D+02-0.2795999555545D+02-0.2795959289499D+02
-0.2795918617567D+02-0.2795877535648D+02-0.2795836039596D+02-0.2795794125225D+02
-0.2795751788306D+02-0.2795709024566D+02-0.2795665829691D+02-0.2795622199320D+02
-0.2795578129051D+02-0.2795533614434D+02-0.2795488650975D+02-0.2795443234137D+02
-0.2795397359332D+02-0.2795351021929D+02-0.2795304217248D+02-0.2795256940562D+02
-0.2795209187097D+02-0.2795160952028D+02-0.2795112230483D+02-0.2795063017541D+02
-0.2795013308227D+02-0.2794963097520D+02-0.2794912380345D+02-0.2794861151576D+02
-0.2794809406036D+02-0.2794757138493D+02-0.2794704343664D+02-0.2794651016211D+02
-0.2794597150742D+02-0.2794542741809D+02-0.2794487783910D+02-0.2794432271486D+02
-0.2794376198922D+02-0.2794319560546D+02-0.2794262350627D+02-0.2794204563375D+02
-0.2794146192945D+02-0.2794087233427D+02-0.2794027678854D+02-0.2793967523198D+02
-0.2793906760369D+02-0.2793845384214D+02-0.2793783388519D+02-0.2793720767006D+02
-0.2793657513331D+02-0.2793593621088D+02-0.2793529083804D+02-0.2793463894941D+02
-0.2793398047894D+02-0.2793331535989D+02-0.2793264352486D+02-0.2793196490575D+02
-0.2793127943377D+02-0.2793058703941D+02-0.2792988765249D+02-0.2792918120207D+02
-0.2792846761650D+02-0.2792774682341D+02-0.2792701874968D+02-0.2792628332144D+02
-0.2792554046406D+02-0.2792479010218D+02-0.2792403215961D+02-0.2792326655945D+02
-0.2792249322395D+02-0.2792171207461D+02-0.2792092303211D+02-0.2792012601631D+02
-0.2791932094627D+02-0.2791850774021D+02-0.2791768631550D+02-0.2791685658869D+02
-0.2791601847547D+02-0.2791517189064D+02-0.2791431674817D+02-0.2791345296111D+02
-0.2791258044165D+02-0.2791169910105D+02-0.2791080884970D+02-0.2790990959704D+02
-0.2790900125158D+02-0.2790808372093D+02-0.2790715691170D+02-0.2790622072959D+02
-0.2790527507931D+02-0.2790431986460D+02-0.2790335498819D+02-0.2790238035186D+02
-0.2790139585634D+02-0.2790040140135D+02-0.2789939688560D+02-0.2789838220675D+02
-0.2789735726140D+02-0.2789632194511D+02-0.2789527615234D+02-0.2789421977649D+02
-0.2789315270986D+02-0.2789207484365D+02-0.2789098606792D+02-0.2788988627163D+02
-0.2788877534258D+02-0.2788765316742D+02-0.2788651963166D+02-0.2788537461959D+02
-0.2788421801434D+02-0.2788304969785D+02-0.2788186955082D+02-0.2788067745274D+02
-0.2787947328184D+02-0.2787825691514D+02-0.2787702822836D+02-0.2787578709595D+02
-0.2787453339108D+02-0.2787326698560D+02-0.2787198775005D+02-0.2787069555366D+02
-0.2786939026427D+02-0.2786807174840D+02-0.2786673987117D+02-0.2786539449634D+02
-0.2786403548624D+02-0.2786266270180D+02-0.2786127600252D+02-0.2785987524645D+02
-0.2785846029017D+02-0.2785703098881D+02-0.2785558719597D+02-0.2785412876379D+02
-0.2785265554284D+02-0.2785116738219D+02-0.2784966412934D+02-0.2784814563021D+02
-0.2784661172916D+02-0.2784506226893D+02-0.2784349709063D+02-0.2784191603377D+02
-0.2784031893616D+02-0.2783870563398D+02-0.2783707596171D+02-0.2783542975212D+02
-0.2783376683625D+02-0.2783208704343D+02-0.2783039020120D+02-0.2782867613534D+02
-0.2782694466983D+02-0.2782519562686D+02-0.2782342882674D+02-0.2782164408798D+02
-0.2781984122720D+02-0.2781802005911D+02-0.2781618039656D+02-0.2781432205043D+02
-0.2781244482967D+02-0.2781054854127D+02-0.2780863299022D+02-0.2780669797949D+02
-0.2780474331006D+02-0.2780276878084D+02-0.2780077418865D+02-0.2779875932824D+02
-0.2779672399226D+02-0.2779466797120D+02-0.2779259105340D+02-0.2779049302504D+02
-0.2778837367007D+02-0.2778623277024D+02-0.2778407010506D+02-0.2778188545174D+02
-0.2777967858523D+02-0.2777744927816D+02-0.2777519730081D+02-0.2777292242111D+02
-0.2777062440459D+02-0.2776830301439D+02-0.2776595801120D+02-0.2776358915327D+02
-0.2776119619634D+02-0.2775877889367D+02-0.2775633699597D+02-0.2775387025139D+02
-0.2775137840550D+02-0.2774886120126D+02-0.2774631837900D+02-0.2774374967637D+02
-0.2774115482835D+02-0.2773853356718D+02-0.2773588562238D+02-0.2773321072069D+02
-0.2773050858604D+02-0.2772777893955D+02-0.2772502149949D+02-0.2772223598122D+02
-0.2771942209723D+02-0.2771657955702D+02-0.2771370806717D+02-0.2771080733124D+02
-0.2770787704975D+02-0.2770491692020D+02-0.2770192663696D+02-0.2769890589131D+02
-0.2769585437139D+02-0.2769277176214D+02-0.2768965774530D+02-0.2768651199937D+02
-0.2768333419959D+02-0.2768012401788D+02-0.2767688112285D+02-0.2767360517971D+02
-0.2767029585030D+02-0.2766695279302D+02-0.2766357566281D+02-0.2766016411110D+02
-0.2765671778581D+02-0.2765323633128D+02-0.2764971938827D+02-0.2764616659390D+02
-0.2764257758162D+02-0.2763895198119D+02-0.2763528941865D+02-0.2763158951624D+02
-0.2762785189242D+02-0.2762407616182D+02-0.2762026193517D+02-0.2761640881932D+02
-0.2761251641714D+02-0.2760858432757D+02-0.2760461214549D+02-0.2760059946174D+02
-0.2759654586309D+02-0.2759245093216D+02-0.2758831424740D+02-0.2758413538311D+02
-0.2757991390929D+02-0.2757564939170D+02-0.2757134139180D+02-0.2756698946667D+02
-0.2756259316901D+02-0.2755815204712D+02-0.2755366564480D+02-0.2754913350138D+02
-0.2754455515162D+02-0.2753993012572D+02-0.2753525794926D+02-0.2753053814316D+02
-0.2752577022366D+02-0.2752095370223D+02-0.2751608808561D+02-0.2751117287569D+02
-0.2750620756954D+02-0.2750119165931D+02-0.2749612463224D+02-0.2749100597059D+02
-0.2748583515162D+02-0.2748061164754D+02-0.2747533492545D+02-0.2747000444736D+02
-0.2746461967008D+02-0.2745918004522D+02-0.2745368501917D+02-0.2744813403300D+02
-0.2744252652248D+02-0.2743686191799D+02-0.2743113964454D+02-0.2742535912166D+02
-0.2741951976344D+02-0.2741362097841D+02-0.2740766216956D+02-0.2740164273429D+02
-0.2739556206435D+02-0.2738941954581D+02-0.2738321455905D+02-0.2737694647868D+02
-0.2737061467353D+02-0.2736421850660D+02-0.2735775733502D+02-0.2735123051005D+02
-0.2734463737697D+02-0.2733797727512D+02-0.2733124953783D+02-0.2732445349237D+02
-0.2731758845993D+02-0.2731065375561D+02-0.2730364868834D+02-0.2729657256087D+02
-0.2728942466974D+02-0.2728220430525D+02-0.2727491075139D+02-0.2726754328587D+02
-0.2726010118004D+02-0.2725258369888D+02-0.2724499010096D+02-0.2723731963842D+02
-0.2722957155693D+02-0.2722174509569D+02-0.2721383948735D+02-0.2720585395804D+02
-0.2719778772731D+02-0.2718964000812D+02-0.2718141000681D+02-0.2717309692307D+02
-0.2716469994994D+02-0.2715621827375D+02-0.2714765107414D+02-0.2713899752403D+02
-0.2713025678959D+02-0.2712142803022D+02-0.2711251039856D+02-0.2710350304045D+02
-0.2709440509491D+02-0.2708521569418D+02-0.2707593396362D+02-0.2706655902180D+02
-0.2705708998041D+02-0.2704752594431D+02-0.2703786601147D+02-0.2702810927303D+02
-0.2701825481324D+02-0.2700830170948D+02-0.2699824903229D+02-0.2698809584531D+02
-0.2697784120535D+02-0.2696748416233D+02-0.2695702375935D+02-0.2694645903267D+02
-0.2693578901169D+02-0.2692501271903D+02-0.2691412917049D+02-0.2690313737510D+02
-0.2689203633510D+02-0.2688082504600D+02-0.2686950249660D+02-0.2685806766898D+02
-0.2684651953858D+02-0.2683485707416D+02-0.2682307923790D+02-0.2681118498542D+02
-0.2679917326576D+02-0.2678704302150D+02-0.2677479318874D+02-0.2676242269719D+02
-0.2674993047018D+02-0.2673731542472D+02-0.2672457647156D+02-0.2671171251526D+02
-0.2669872245419D+02-0.2668560518067D+02-0.2667235958094D+02-0.2665898453533D+02
-0.2664547891825D+02-0.2663184159827D+02-0.2661807143825D+02-0.2660416729534D+02
-0.2659012802114D+02-0.2657595246172D+02-0.2656163945773D+02-0.2654718784450D+02
-0.2653259645212D+02-0.2651786410554D+02-0.2650298962468D+02-0.2648797182452D+02
-0.2647280951520D+02-0.2645750150216D+02-0.2644204658621D+02-0.2642644356368D+02
-0.2641069122654D+02-0.2639478836249D+02-0.2637873375513D+02-0.2636252618406D+02
-0.2634616442501D+02-0.2632964725002D+02-0.2631297342750D+02-0.2629614172247D+02
-0.2627915089663D+02-0.2626199970855D+02-0.2624468691380D+02-0.2622721126515D+02
-0.2620957151267D+02-0.2619176640392D+02-0.2617379468415D+02-0.2615565509642D+02
-0.2613734638179D+02-0.2611886727951D+02-0.2610021652718D+02-0.2608139286096D+02
-0.2606239501571D+02-0.2604322172523D+02-0.2602387172241D+02-0.2600434373946D+02
-0.2598463650807D+02-0.2596474875963D+02-0.2594467922544D+02-0.2592442663689D+02
-0.2590398972569D+02-0.2588336722407D+02-0.2586255786498D+02-0.2584156038233D+02
-0.2582037351116D+02-0.2579899598791D+02-0.2577742655061D+02-0.2575566393908D+02
-0.2573370689521D+02-0.2571155416311D+02-0.2568920448938D+02-0.2566665662333D+02
-0.2564390931718D+02-0.2562096132631D+02-0.2559781140948D+02-0.2557445832902D+02
-0.2555090085113D+02-0.2552713774601D+02-0.2550316778816D+02-0.2547898975656D+02
-0.2545460243492D+02-0.2543000461186D+02-0.2540519508117D+02-0.2538017264200D+02
-0.2535493609908D+02-0.2532948426294D+02-0.2530381595009D+02-0.2527792998328D+02
-0.2525182519164D+02-0.2522550041092D+02-0.2519895448366D+02-0.2517218625939D+02
-0.2514519459484D+02-0.2511797835406D+02-0.2509053640865D+02-0.2506286763791D+02
-0.2503497092898D+02-0.2500684517706D+02-0.2497848928548D+02-0.2494990216589D+02
-0.2492108273840D+02-0.2489202993169D+02-0.2486274268313D+02-0.2483321993890D+02
-0.2480346065407D+02-0.2477346379273D+02-0.2474322832804D+02-0.2471275324234D+02
-0.2468203752715D+02-0.2465108018331D+02-0.2461988022092D+02-0.2458843665948D+02
-0.2455674852781D+02-0.2452481486412D+02-0.2449263471598D+02-0.2446020714030D+02
-0.2442753120331D+02-0.2439460598052D+02-0.2436143055664D+02-0.2432800402553D+02
-0.2429432549012D+02-0.2426039406229D+02-0.2422620886276D+02-0.2419176902100D+02
-0.2415707367503D+02-0.2412212197133D+02-0.2408691306460D+02-0.2405144611765D+02
-0.2401572030114D+02-0.2397973479340D+02-0.2394348878018D+02-0.2390698145443D+02
-0.2387021201605D+02-0.2383317967158D+02-0.2379588363395D+02-0.2375832312217D+02
-0.2372049736104D+02-0.2368240558079D+02-0.2364404701679D+02-0.2360542090915D+02
-0.2356652650242D+02-0.2352736304518D+02-0.2348792978967D+02-0.2344822599144D+02
-0.2340825090889D+02-0.2336800380293D+02-0.2332748393653D+02-0.2328669057434D+02
-0.2324562298224D+02-0.2320428042694D+02-0.2316266217557D+02-0.2312076749524D+02
-0.2307859565262D+02-0.2303614591353D+02-0.2299341754256D+02-0.2295040980260D+02
-0.2290712195451D+02-0.2286355325669D+02-0.2281970296476D+02-0.2277557033113D+02
-0.2273115460474D+02-0.2268645503067D+02-0.2264147084991D+02-0.2259620129902D+02
-0.2255064560996D+02-0.2250480300981D+02-0.2245867272062D+02-0.2241225395928D+02
-0.2236554593738D+02-0.2231854786119D+02-0.2227125893160D+02-0.2222367834419D+02
-0.2217580528933D+02-0.2212763895227D+02-0.2207917851338D+02-0.2203042314843D+02
-0.2198137202891D+02-0.2193202432243D+02-0.2188237919321D+02-0.2183243580266D+02
-0.2178219330999D+02-0.2173165087298D+02-0.2168080764876D+02-0.2162966279475D+02
-0.2157821546969D+02-0.2152646483470D+02-0.2147441005454D+02-0.2142205029892D+02
-0.2136938474392D+02-0.2131641257358D+02-0.2126313298149D+02-0.2120954517263D+02
-0.2115564836523D+02-0.2110144179281D+02-0.2104692470628D+02-0.2099209637623D+02
-0.2093695609530D+02-0.2088150318064D+02-0.2082573697655D+02-0.2076965685721D+02
-0.2071326222950D+02-0.2065655253595D+02-0.2059952725776D+02-0.2054218591797D+02
-0.2048452808466D+02-0.2042655337428D+02-0.2036826145496D+02-0.2030965204999D+02
-0.2025072494126D+02-0.2019147997276D+02-0.2013191705408D+02-0.2007203616390D+02
-0.2001183735348D+02-0.1995132075007D+02-0.1989048656025D+02-0.1982933507322D+02
-0.1976786666391D+02-0.1970608179596D+02-0.1964398102454D+02-0.1958156499891D+02
-0.1951883446482D+02-0.1945579026654D+02-0.1939243334861D+02-0.1932876475729D+02
-0.1926478564155D+02-0.1920049725372D+02-0.1913590094961D+02-0.1907099818820D+02
-0.1900579053080D+02-0.1894027963965D+02-0.1887446727594D+02-0.1880835529727D+02
-0.1874194565440D+02-0.1867524038749D+02-0.1860824162157D+02-0.1854095156146D+02
-0.1847337248594D+02-0.1840550674140D+02-0.1833735673476D+02-0.1826892492584D+02
-0.1820021381924D+02-0.1813122595554D+02-0.1806196390222D+02-0.1799243024404D+02
-0.1792262757321D+02-0.1785255847921D+02-0.1778222553854D+02-0.1771163130436D+02
-0.1764077829620D+02-0.1756966898983D+02-0.1749830580737D+02-0.1742669110781D+02
-0.1735482717804D+02-0.1728271622446D+02-0.1721036036536D+02-0.1713776162414D+02
-0.1706492192345D+02-0.1699184308037D+02-0.1691852680276D+02-0.1684497468677D+02
-0.1677118821565D+02-0.1669716875977D+02-0.1662291757815D+02-0.1654843582122D+02
-0.1647372453496D+02-0.1639878466646D+02-0.1632361707073D+02-0.1624822251883D+02
-0.1617260170716D+02-0.1609675526799D+02-0.1602068378098D+02-0.1594438778570D+02
-0.1586786779500D+02-0.1579112430916D+02-0.1571415783068D+02-0.1563696887960D+02
-0.1555955800919D+02-0.1548192582194D+02-0.1540407298573D+02-0.1532600025004D+02
-0.1524770846203D+02-0.1516919858252D+02-0.1509047170160D+02-0.1501152905392D+02
-0.1493237203348D+02-0.1485300220781D+02-0.1477342133161D+02-0.1469363135959D+02
-0.1461363445857D+02-0.1453343301883D+02-0.1445302966446D+02-0.1437242726295D+02
-0.1429162893374D+02-0.1421063805589D+02-0.1412945827472D+02-0.1404809350750D+02
-0.1396654794813D+02-0.1388482607086D+02-0.1380293263295D+02-0.1372087267643D+02
-0.1363865152883D+02-0.1355627480296D+02-0.1347374839576D+02-0.1339107848622D+02
-0.1330827153238D+02-0.1322533426746D+02-0.1314227369516D+02-0.1305909708405D+02
-0.1297581196121D+02-0.1289242610510D+02-0.1280894753764D+02-0.1272538451556D+02
-0.1264174552113D+02-0.1255803925209D+02-0.1247427461112D+02-0.1239046069451D+02
-0.1230660678044D+02-0.1222272231658D+02-0.1213881690724D+02-0.1205490030003D+02
-0.1197098237208D+02-0.1188707311581D+02-0.1180318262433D+02-0.1171932107652D+02
-0.1163549872173D+02-0.1155172586425D+02-0.1146801284747D+02-0.1138437003786D+02
-0.1130080780875D+02-0.1121733652396D+02-0.1113396652127D+02-0.1105070809590D+02
-0.1096757148383D+02-0.1088456684515D+02-0.1080170424750D+02-0.1071899364939D+02
-0.1063644488383D+02-0.1055406764190D+02-0.1047187145658D+02-0.1038986568676D+02
-0.1030805950148D+02-0.1022646186445D+02-0.1014508151884D+02-0.1006392697250D+02
-0.9983006483420D+01-0.9902328045779D+01-0.9821899376298D+01-0.9741727901165D+01
-0.9661820743457D+01-0.9582184711126D+01-0.9502826285582D+01-0.9423751610901D+01
-0.9344966483707D+01-0.9266476343746D+01-0.9188286265193D+01-0.9110400948731D+01
-0.9032824714424D+01-0.8955561495419D+01-0.8878614832519D+01-0.8801987869638D+01
-0.8725683350188D+01-0.8649703614416D+01-0.8574050597718D+01-0.8498725829966D+01
-0.8423730435871D+01-0.8349065136404D+01-0.8274730251305D+01-0.8200725702701D+01
-0.8127051019862D+01-0.8053705345105D+01-0.7980687440878D+01-0.7907995698042D+01
-0.7835628145360D+01-0.7763582460228D+01-0.7691855980643D+01-0.7620445718441D+01
-0.7549348373805D+01-0.7478560351068D+01-0.7408077775804D+01-0.7337896513229D+01
-0.7268012187917D+01-0.7198420204826D+01-0.7129115771641D+01-0.7060093922438D+01
-0.6991349542657D+01-0.6922877395376D+01-0.6854672148875D+01-0.6786728405486D+01
-0.6719040731675D+01-0.6651603689367D+01-0.6584411868446D+01-0.6517459920399D+01
-0.6450742593057D+01-0.6384254766350D+01-0.6317991489013D+01-0.6251948016145D+01
-0.6186119847505D+01-0.6120502766431D+01-0.6055092879213D+01-0.5989886654759D+01
-0.5924880964340D+01-0.5860073121188D+01-0.5795460919667D+01-0.5731042673726D+01
-0.5666817254263D+01-0.5602784125035D+01-0.5538943376646D+01-0.5475295758140D+01
-0.5411842705654D+01-0.5348586367534D+01-0.5285529625268D+01-0.5222676109551D+01
-0.5160030210736D+01-0.5097597082914D+01-0.5035382640815D+01-0.4973393548734D+01
-0.4911637200701D+01-0.4850121691122D+01-0.4788855775203D+01-0.4727848818574D+01
-0.4667110735622D+01-0.4606651916263D+01-0.4546483141065D+01-0.4486615484895D+01
-0.4427060209577D+01-0.4367828646355D+01-0.4308932069326D+01-0.4250381561389D+01
-0.4192187874623D+01-0.4134361287361D+01-0.4076911460579D+01-0.4019847296474D+01
-0.3963176802289D+01-0.3906906962585D+01-0.3851043623102D+01-0.3795591389270D+01
-0.3740553542130D+01-0.3685931974116D+01-0.3631727146589D+01-0.3577938070510D+01
-0.3524562310958D+01-0.3471596015539D+01-0.3419033966061D+01-0.3366869652193D+01
-0.3315095365239D+01-0.3263702309691D+01-0.3212680729782D+01-0.3162020048052D+01
-0.3111709012735D+01-0.3061735850807D+01-0.3012088423575D+01-0.2962754381911D+01
-0.2913721318474D+01-0.2864976914605D+01-0.2816509079929D+01-0.2768306083078D+01
-0.2720356672335D+01-0.2672650185370D+01-0.2625176647543D+01-0.2577926858611D+01
-0.2530892467873D+01-0.2484066038075D+01-0.2437441098524D+01-0.2391012188022D+01
-0.2344774888338D+01-0.2298725848985D+01-0.2252862804124D+01-0.2207184582415D+01
-0.2161691110641D+01-0.2116383411902D+01-0.2071263599144D+01-0.2026334864745D+01
-0.1981601466823D+01-0.1937068712899D+01-0.1892742941478D+01-0.1848631502064D+01
-0.1804742734070D+01-0.1761085945059D+01-0.1717671388666D+01-0.1674510242557D+01
-0.1631614586692D+01-0.1588997382188D+01-0.1546672450973D+01-0.1504654456470D+01
-0.1462958885473D+01-0.1421602031371D+01-0.1380600978888D+01-0.1339973590432D+01
-0.1299738494211D+01-0.1259915074182D+01-0.1220523461963D+01-0.1181584530786D+01
-0.1143119891578D+01-0.1105151891260D+01-0.1067703613342D+01-0.1030798880893D+01
-0.9944622619686D+00-0.9587190775665D+00-0.9235954122040D+00-0.8891181278454D+00
-0.8553148778408D+00
                                    0.0000000000000D+00
 1027 0.1313480204284D+02
 0.2234275195233D-03 0.2279345841703D-03 0.2325325006938D-03 0.2372230984356D-03
 0.2420082435107D-03 0.2468898395446D-03 0.2518698284253D-03 0.2569501910704D-03
 0.2621329482095D-03 0.2674201611822D-03 0.2728139327522D-03 0.2783164079371D-03
 0.2839297748557D-03 0.2896562655915D-03 0.2954981570732D-03 0.3014577719738D-03
 0.3075374796266D-03 0.3137396969600D-03 0.3200668894508D-03 0.3265215720967D-03
 0.3331063104078D-03 0.3398237214181D-03 0.3466764747173D-03 0.3536672935031D-03
 0.3607989556540D-03 0.3680742948244D-03 0.3754962015606D-03 0.3830676244393D-03
 0.3907915712295D-03 0.3986711100763D-03 0.4067093707093D-03 0.4149095456742D-03
 0.4232748915901D-03 0.4318087304304D-03 0.4405144508301D-03 0.4493955094192D-03
 0.4584554321819D-03 0.4676978158435D-03 0.4771263292843D-03 0.4867447149825D-03
 0.4965567904850D-03 0.5065664499072D-03 0.5167776654638D-03 0.5271944890288D-03
 0.5378210537274D-03 0.5486615755584D-03 0.5597203550504D-03 0.5710017789494D-03
 0.5825103219406D-03 0.5942505484046D-03 0.6062271142078D-03 0.6184447685288D-03
 0.6309083557210D-03 0.6436228172118D-03 0.6565931934399D-03 0.6698246258309D-03
 0.6833223588118D-03 0.6970917418656D-03 0.7111382316267D-03 0.7254673940179D-03
 0.7400849064293D-03 0.7549965599407D-03 0.7702082615880D-03 0.7857260366742D-03
 0.8015560311267D-03 0.8177045139003D-03 0.8341778794289D-03 0.8509826501248D-03
 0.8681254789275D-03 0.8856131519037D-03 0.9034525908975D-03 0.9216508562338D-03
 0.9402151494752D-03 0.9591528162324D-03 0.9784713490312D-03 0.9981783902357D-03
 0.1018281735029D-02 0.1038789334452D-02 0.1059709298505D-02 0.1081049899306D-02
 0.1102819574316D-02 0.1125026929625D-02 0.1147680743302D-02 0.1170789968814D-02
 0.1194363738510D-02 0.1218411367176D-02 0.1242942355655D-02 0.1267966394545D-02
 0.1293493367965D-02 0.1319533357395D-02 0.1346096645597D-02 0.1373193720604D-02
 0.1400835279796D-02 0.1429032234053D-02 0.1457795711986D-02 0.1487137064258D-02
 0.1517067867981D-02 0.1547599931211D-02 0.1578745297519D-02 0.1610516250661D-02
 0.1642925319333D-02 0.1675985282024D-02 0.1709709171961D-02 0.1744110282152D-02
 0.1779202170531D-02 0.1814998665195D-02 0.1851513869752D-02 0.1888762168771D-02
 0.1926758233339D-02 0.1965517026723D-02 0.2005053810148D-02 0.2045384148683D-02
 0.2086523917248D-02 0.2128489306732D-02 0.2171296830233D-02 0.2214963329422D-02
 0.2259505981028D-02 0.2304942303448D-02 0.2351290163492D-02 0.2398567783252D-02
 0.2446793747114D-02 0.2495987008892D-02 0.2546166899120D-02 0.2597353132467D-02
 0.2649565815309D-02 0.2702825453444D-02 0.2757152959954D-02 0.2812569663226D-02
 0.2869097315124D-02 0.2926758099316D-02 0.2985574639777D-02 0.3045570009436D-02
 0.3106767739010D-02 0.3169191825998D-02 0.3232866743849D-02 0.3297817451315D-02
 0.3364069401977D-02 0.3431648553958D-02 0.3500581379829D-02 0.3570894876693D-02
 0.3642616576481D-02 0.3715774556430D-02 0.3790397449777D-02 0.3866514456649D-02
 0.3944155355169D-02 0.4023350512772D-02 0.4104130897744D-02 0.4186528090973D-02
 0.4270574297942D-02 0.4356302360932D-02 0.4443745771481D-02 0.4532938683064D-02
 0.4623915924026D-02 0.4716713010765D-02 0.4811366161156D-02 0.4907912308245D-02
 0.5006389114201D-02 0.5106834984527D-02 0.5209289082559D-02 0.5313791344223D-02
 0.5420382493090D-02 0.5529104055711D-02 0.5639998377243D-02 0.5753108637375D-02
 0.5868478866562D-02 0.5986153962558D-02 0.6106179707275D-02 0.6228602783951D-02
 0.6353470794654D-02 0.6480832278114D-02 0.6610736727894D-02 0.6743234610904D-02
 0.6878377386267D-02 0.7016217524544D-02 0.7156808527324D-02 0.7300204947175D-02
 0.7446462407985D-02 0.7595637625678D-02 0.7747788429323D-02 0.7902973782646D-02
 0.8061253805937D-02 0.8222689798381D-02 0.8387344260800D-02 0.8555280918829D-02
 0.8726564746518D-02 0.8901261990393D-02 0.9079440193949D-02 0.9261168222615D-02
 0.9446516289186D-02 0.9635555979718D-02 0.9828360279927D-02 0.1002500360206D-01
 0.1022556181229D-01 0.1043011225858D-01 0.1063873379914D-01 0.1085150683132D-01
 0.1106851332114D-01 0.1128983683325D-01 0.1151556256158D-01 0.1174577736045D-01
 0.1198056977629D-01 0.1222003007999D-01 0.1246425029978D-01 0.1271332425476D-01
 0.1296734758903D-01 0.1322641780646D-01 0.1349063430608D-01 0.1376009841816D-01
 0.1403491344093D-01 0.1431518467791D-01 0.1460101947609D-01 0.1489252726459D-01
 0.1518981959423D-01 0.1549301017771D-01 0.1580221493049D-01 0.1611755201257D-01
 0.1643914187083D-01 0.1676710728233D-01 0.1710157339825D-01 0.1744266778868D-01
 0.1779052048828D-01 0.1814526404264D-01 0.1850703355560D-01 0.1887596673735D-01
 0.1925220395340D-01 0.1963588827450D-01 0.2002716552733D-01 0.2042618434625D-01
 0.2083309622585D-01 0.2124805557451D-01 0.2167121976890D-01 0.2210274920942D-01
 0.2254280737672D-01 0.2299156088909D-01 0.2344917956100D-01 0.2391583646259D-01
 0.2439170798023D-01 0.2487697387820D-01 0.2537181736139D-01 0.2587642513915D-01
 0.2639098749023D-01 0.2691569832892D-01 0.2745075527224D-01 0.2799635970845D-01
 0.2855271686662D-01 0.2912003588751D-01 0.2969852989561D-01 0.3028841607250D-01
 0.3088991573145D-01 0.3150325439327D-01 0.3212866186358D-01 0.3276637231127D-01
 0.3341662434842D-01 0.3407966111158D-01 0.3475573034434D-01 0.3544508448149D-01
 0.3614798073443D-01 0.3686468117819D-01 0.3759545283979D-01 0.3834056778825D-01
 0.3910030322595D-01 0.3987494158171D-01 0.4066477060528D-01 0.4147008346353D-01
 0.4229117883820D-01 0.4312836102529D-01 0.4398194003611D-01 0.4485223170001D-01
 0.4573955776886D-01 0.4664424602315D-01 0.4756663037997D-01 0.4850705100268D-01
 0.4946585441240D-01 0.5044339360137D-01 0.5144002814810D-01 0.5245612433443D-01
 0.5349205526447D-01 0.5454820098552D-01 0.5562494861085D-01 0.5672269244453D-01
 0.5784183410825D-01 0.5898278267016D-01 0.6014595477573D-01 0.6133177478075D-01
 0.6254067488640D-01 0.6377309527648D-01 0.6502948425674D-01 0.6631029839648D-01
 0.6761600267226D-01 0.6894707061396D-01 0.7030398445302D-01 0.7168723527299D-01
 0.7309732316240D-01 0.7453475737002D-01 0.7600005646240D-01 0.7749374848385D-01
 0.7901637111890D-01 0.8056847185710D-01 0.8215060816038D-01 0.8376334763285D-01
 0.8540726819320D-01 0.8708295824959D-01 0.8879101687713D-01 0.9053205399798D-01
 0.9230669056410D-01 0.9411555874258D-01 0.9595930210375D-01 0.9783857581191D-01
 0.9975404681883D-01 0.1017063940600D+00 0.1036963086536D+00 0.1057244941026D+00
 0.1077916664987D+00 0.1098985547308D+00 0.1120459006946D+00 0.1142344595061D+00
 0.1164649997178D+00 0.1187383035377D+00 0.1210551670514D+00 0.1234164004471D+00
 0.1258228282436D+00 0.1282752895211D+00 0.1307746381557D+00 0.1333217430561D+00
 0.1359174884035D+00 0.1385627738955D+00 0.1412585149917D+00 0.1440056431635D+00
 0.1468051061464D+00 0.1496578681955D+00 0.1525649103446D+00 0.1555272306676D+00
 0.1585458445441D+00 0.1616217849268D+00 0.1647561026137D+00 0.1679498665219D+00
 0.1712041639656D+00 0.1745201009368D+00 0.1778988023893D+00 0.1813414125261D+00
 0.1848490950889D+00 0.1884230336527D+00 0.1920644319213D+00 0.1957745140278D+00
 0.1995545248368D+00 0.2034057302510D+00 0.2073294175195D+00 0.2113268955507D+00
 0.2153994952265D+00 0.2195485697215D+00 0.2237754948232D+00 0.2280816692570D+00
 0.2324685150125D+00 0.2369374776742D+00 0.2414900267538D+00 0.2461276560263D+00
 0.2508518838682D+00 0.2556642535987D+00 0.2605663338240D+00 0.2655597187835D+00
 0.2706460286989D+00 0.2758269101262D+00 0.2811040363094D+00 0.2864791075375D+00
 0.2919538515027D+00 0.2975300236621D+00 0.3032094076007D+00 0.3089938153965D+00
 0.3148850879881D+00 0.3208850955438D+00 0.3269957378327D+00 0.3332189445971D+00
 0.3395566759272D+00 0.3460109226366D+00 0.3525837066394D+00 0.3592770813284D+00
 0.3660931319549D+00 0.3730339760087D+00 0.3801017635996D+00 0.3872986778388D+00
 0.3946269352217D+00 0.4020887860104D+00 0.4096865146164D+00 0.4174224399838D+00
 0.4252989159716D+00 0.4333183317365D+00 0.4414831121137D+00 0.4497957179990D+00
 0.4582586467278D+00 0.4668744324539D+00 0.4756456465273D+00 0.4845748978690D+00
 0.4936648333451D+00 0.5029181381379D+00 0.5123375361148D+00 0.5219257901945D+00
 0.5316857027101D+00 0.5416201157687D+00 0.5517319116078D+00 0.5620240129470D+00
 0.5724993833362D+00 0.5831610274985D+00 0.5940119916687D+00 0.6050553639259D+00
 0.6162942745206D+00 0.6277318961959D+00 0.6393714445020D+00 0.6512161781033D+00
 0.6632693990792D+00 0.6755344532162D+00 0.6880147302921D+00 0.7007136643514D+00
 0.7136347339719D+00 0.7267814625209D+00 0.7401574184017D+00 0.7537662152897D+00
 0.7676115123563D+00 0.7816970144821D+00 0.7960264724567D+00 0.8106036831666D+00
 0.8254324897687D+00 0.8405167818499D+00 0.8558604955723D+00 0.8714676138023D+00
 0.8873421662242D+00 0.9034882294367D+00 0.9199099270316D+00 0.9366114296553D+00
 0.9535969550503D+00 0.9708707680773D+00 0.9884371807176D+00 0.1006300552053D+01
 0.1024465288224D+01 0.1042935842366D+01 0.1061716714521D+01 0.1080812451526D+01
 0.1100227646870D+01 0.1119966940536D+01 0.1140035018804D+01 0.1160436614034D+01
 0.1181176504411D+01 0.1202259513674D+01 0.1223690510796D+01 0.1245474409647D+01
 0.1267616168615D+01 0.1290120790195D+01 0.1312993320541D+01 0.1336238848988D+01
 0.1359862507526D+01 0.1383869470243D+01 0.1408264952725D+01 0.1433054211414D+01
 0.1458242542929D+01 0.1483835283331D+01 0.1509837807361D+01 0.1536255527613D+01
 0.1563093893675D+01 0.1590358391210D+01 0.1618054540996D+01 0.1646187897904D+01
 0.1674764049838D+01 0.1703788616601D+01 0.1733267248725D+01 0.1763205626233D+01
 0.1793609457343D+01 0.1824484477113D+01 0.1855836446029D+01 0.1887671148524D+01
 0.1919994391435D+01 0.1952812002396D+01 0.1986129828158D+01 0.2019953732845D+01
 0.2054289596142D+01 0.2089143311400D+01 0.2124520783679D+01 0.2160427927711D+01
 0.2196870665783D+01 0.2233854925546D+01 0.2271386637746D+01 0.2309471733863D+01
 0.2348116143682D+01 0.2387325792763D+01 0.2427106599840D+01 0.2467464474117D+01
 0.2508405312489D+01 0.2549934996659D+01 0.2592059390170D+01 0.2634784335343D+01
 0.2678115650111D+01 0.2722059124768D+01 0.2766620518605D+01 0.2811805556459D+01
 0.2857619925150D+01 0.2904069269820D+01 0.2951159190165D+01 0.2998895236561D+01
 0.3047282906085D+01 0.3096327638420D+01 0.3146034811661D+01 0.3196409737998D+01
 0.3247457659293D+01 0.3299183742543D+01 0.3351593075225D+01 0.3404690660528D+01
 0.3458481412464D+01 0.3512970150869D+01 0.3568161596274D+01 0.3624060364669D+01
 0.3680670962133D+01 0.3737997779358D+01 0.3796045086038D+01 0.3854817025147D+01
 0.3914317607085D+01 0.3974550703711D+01 0.4035520042248D+01 0.4097229199064D+01
 0.4159681593333D+01 0.4222880480578D+01 0.4286828946081D+01 0.4351529898181D+01
 0.4416986061445D+01 0.4483199969725D+01 0.4550173959091D+01 0.4617910160643D+01
 0.4686410493212D+01 0.4755676655945D+01 0.4825710120769D+01 0.4896512124748D+01
 0.4968083662331D+01 0.5040425477486D+01 0.5113538055733D+01 0.5187421616067D+01
 0.5262076102790D+01 0.5337501177236D+01 0.5413696209405D+01 0.5490660269506D+01
 0.5568392119410D+01 0.5646890204026D+01 0.5726152642589D+01 0.5806177219877D+01
 0.5886961377358D+01 0.5968502204275D+01 0.6050796428662D+01 0.6133840408316D+01
 0.6217630121713D+01 0.6302161158886D+01 0.6387428712267D+01 0.6473427567501D+01
 0.6560152094230D+01 0.6647596236881D+01 0.6735753505427D+01 0.6824616966167D+01
 0.6914179232505D+01 0.7004432455758D+01 0.7095368315986D+01 0.7186978012862D+01
 0.7279252256596D+01 0.7372181258911D+01 0.7465754724097D+01 0.7559961840137D+01
 0.7654791269932D+01 0.7750231142634D+01 0.7846269045089D+01 0.7942892013417D+01
 0.8040086524730D+01 0.8137838489013D+01 0.8236133241174D+01 0.8334955533277D+01
 0.8434289526984D+01 0.8534118786204D+01 0.8634426269979D+01 0.8735194325622D+01
 0.8836404682110D+01 0.8938038443766D+01 0.9040076084240D+01 0.9142497440805D+01
 0.9245281708985D+01 0.9348407437544D+01 0.9451852523839D+01 0.9555594209572D+01
 0.9659609076950D+01 0.9763873045271D+01 0.9868361367974D+01 0.9973048630147D+01
 0.1007790874654D+02 0.1018291496006D+02 0.1028803984089D+02 0.1039325528603D+02
 0.1049853251952D+02 0.1060384209325D+02 0.1070915388832D+02 0.1081443711718D+02
 0.1091966032627D+02 0.1102479139952D+02 0.1112979756241D+02 0.1123464538688D+02
 0.1133930079695D+02 0.1144372907509D+02 0.1154789486948D+02 0.1165176220199D+02
 0.1175529447713D+02 0.1185845449170D+02 0.1196120444554D+02 0.1206350595301D+02
 0.1216532005552D+02 0.1226660723494D+02 0.1236732742808D+02 0.1246744004204D+02
 0.1256690397067D+02 0.1266567761207D+02 0.1276371888703D+02 0.1286098525870D+02
 0.1295743375318D+02 0.1305302098138D+02 0.1314770316184D+02 0.1324143614478D+02
 0.1333417543729D+02 0.1342587622958D+02 0.1351649342255D+02 0.1360598165640D+02
 0.1369429534047D+02 0.1378138868434D+02 0.1386721572998D+02 0.1395173038522D+02
 0.1403488645841D+02 0.1411663769421D+02 0.1419693781065D+02 0.1427574053736D+02
 0.1435299965498D+02 0.1442866903583D+02 0.1450270268563D+02 0.1457505478650D+02
 0.1464567974104D+02 0.1471453221760D+02 0.1478156719664D+02 0.1484674001817D+02
 0.1491000643028D+02 0.1497132263879D+02 0.1503064535777D+02 0.1508793186118D+02
 0.1514314003544D+02 0.1519622843285D+02 0.1524715632599D+02 0.1529588376290D+02
 0.1534237162304D+02 0.1538658167405D+02 0.1542847662916D+02 0.1546802020523D+02
 0.1550517718141D+02 0.1553991345832D+02 0.1557219611759D+02 0.1560199348196D+02
 0.1562927517550D+02 0.1565401218425D+02 0.1567617691692D+02 0.1569574326568D+02
 0.1571268666702D+02 0.1572698416242D+02 0.1573861445900D+02 0.1574755798969D+02
 0.1575379697327D+02 0.1575731547374D+02 0.1575809945929D+02 0.1575613686045D+02
 0.1575141762763D+02 0.1574393378759D+02 0.1573367949907D+02 0.1572065110718D+02
 0.1570484719666D+02 0.1568626864369D+02 0.1566491866629D+02 0.1564080287309D+02
 0.1561392931041D+02 0.1558430850739D+02 0.1555195351929D+02 0.1551687996856D+02
 0.1547910608369D+02 0.1543865273572D+02 0.1539554347224D+02 0.1534980454874D+02
 0.1530146495717D+02 0.1525055645167D+02 0.1519711357122D+02 0.1514117365912D+02
 0.1508277687923D+02 0.1502196622876D+02 0.1495878754758D+02 0.1489328952375D+02
 0.1482552369540D+02 0.1475554444868D+02 0.1468340901163D+02 0.1460917744401D+02
 0.1453291262286D+02 0.1445468022379D+02 0.1437454869777D+02 0.1429258924344D+02
 0.1420887577485D+02 0.1412348488451D+02 0.1403649580159D+02 0.1394799034551D+02
 0.1385805287440D+02 0.1376677022886D+02 0.1367423167059D+02 0.1358052881609D+02
 0.1348575556527D+02 0.1339000802509D+02 0.1329338442807D+02 0.1319598504573D+02
 0.1309791209707D+02 0.1299926965191D+02 0.1290016352936D+02 0.1280070119119D+02
 0.1270099163050D+02 0.1260114525534D+02 0.1250127376779D+02 0.1240149003819D+02
 0.1230190797499D+02 0.1220264238999D+02 0.1210380885935D+02 0.1200552358045D+02
 0.1190790322458D+02 0.1181106478594D+02 0.1171512542677D+02 0.1162020231912D+02
 0.1152641248321D+02 0.1143387262275D+02 0.1134269895735D+02 0.1125300705235D+02
 0.1116491164616D+02 0.1107852647558D+02 0.1099396409917D+02 0.1091133571910D+02
 0.1083075100160D+02 0.1075231789655D+02 0.1067614245628D+02 0.1060232865403D+02
 0.1053097820234D+02 0.1046219037178D+02 0.1039606181022D+02 0.1033268636317D+02
 0.1027215489532D+02 0.1021455511386D+02 0.1015997139381D+02 0.1010848460572D+02
 0.1006017194615D+02 0.1001510677132D+02 0.9973358434232D+01 0.9934992125691D+01
 0.9900068719544D+01 0.9868644622561D+01 0.9840771629281D+01 0.9816496782209D+01
 0.9795862237699D+01 0.9778905137904D+01 0.9765657489114D+01 0.9756146046841D+01
 0.9750392207974D+01 0.9748411910325D+01 0.9750215539891D+01 0.9755807846125D+01
 0.9765187865509D+01 0.9778348853722D+01 0.9795278226646D+01 0.9815957510487D+01
 0.9840362301233D+01 0.9868462233680D+01 0.9900220960223D+01 0.9935596139616D+01
 0.9974539435855D+01 0.1001699652735D+02 0.1006290712651D+02 0.1011220500987D+02
 0.1016481805880D+02 0.1022066831101D+02 0.1027967202264D+02 0.1034173974130D+02
 0.1040677638977D+02 0.1047468136051D+02 0.1054534862087D+02 0.1061866682900D+02
 0.1069451946031D+02 0.1077278494438D+02 0.1085333681218D+02 0.1093604385357D+02
 0.1102077028461D+02 0.1110737592480D+02 0.1119571638380D+02 0.1128564325745D+02
 0.1137700433282D+02 0.1146964380195D+02 0.1156340248407D+02 0.1165811805574D+02
 0.1175362528879D+02 0.1184975629552D+02 0.1194634078078D+02 0.1204320630055D+02
 0.1214017852652D+02 0.1223708151626D+02 0.1233373798843D+02 0.1242996960266D+02
 0.1252559724346D+02 0.1262044130768D+02 0.1271432199506D+02 0.1280705960122D+02
 0.1289847481258D+02 0.1298838900269D+02 0.1307662452930D+02 0.1316300503167D+02
 0.1324735572753D+02 0.1332950370909D+02 0.1340927823748D+02 0.1348651103512D+02
 0.1356103657532D+02 0.1363269236861D+02 0.1370131924524D+02 0.1376676163312D+02
 0.1382886783082D+02 0.1388749027496D+02 0.1394248580143D+02 0.1399371589995D+02
 0.1404104696143D+02 0.1408435051752D+02 0.1412350347202D+02 0.1415838832344D+02
 0.1418889337846D+02 0.1421491295568D+02 0.1423634757924D+02 0.1425310416197D+02
 0.1426509617761D+02 0.1427224382171D+02 0.1427447416095D+02 0.1427172127041D+02
 0.1426392635859D+02 0.1425103787992D+02 0.1423301163432D+02 0.1420981085386D+02
 0.1418140627607D+02 0.1414777620385D+02 0.1410890655180D+02 0.1406479087884D+02
 0.1401543040706D+02 0.1396083402668D+02 0.1390101828712D+02 0.1383600737417D+02
 0.1376583307327D+02 0.1369053471896D+02 0.1361015913052D+02 0.1352476053404D+02
 0.1343440047086D+02 0.1333914769275D+02 0.1323907804382D+02 0.1313427432955D+02
 0.1302482617302D+02 0.1291082985877D+02 0.1279238816447D+02 0.1266961018071D+02
 0.1254261111941D+02 0.1241151211096D+02 0.1227643999077D+02 0.1213752707542D+02
 0.1199491092892D+02 0.1184873411962D+02 0.1169914396809D+02 0.1154629228663D+02
 0.1139033511074D+02 0.1123143242332D+02 0.1106974787188D+02 0.1090544847958D+02
 0.1073870435046D+02 0.1056968836962D+02 0.1039857589884D+02 0.1022554446835D+02
 0.1005077346524D+02 0.9874443819323D+01 0.9696737686928D+01 0.9517838133377D+01
 0.9337928814747D+01 0.9157193659584D+01 0.8975816551238D+01 0.8793981011470D+01
 0.8611869885990D+01 0.8429665032586D+01 0.8247547012502D+01 0.8065694785710D+01
 0.7884285410719D+01 0.7703493749573D+01 0.7523492178640D+01 0.7344450305845D+01
 0.7166534694912D+01 0.6989908597253D+01 0.6814731692040D+01 0.6641159835052D+01
 0.6469344816828D+01 0.6299434130647D+01 0.6131570750851D+01 0.5965892921972D+01
 0.5802533959141D+01 0.5641622060186D+01 0.5483280129845D+01 0.5327625616445D+01
 0.5174770361405D+01 0.5024820461875D+01 0.4877876146768D+01 0.4734031666462D+01
 0.4593375196349D+01 0.4455988754408D+01 0.4321948132949D+01 0.4191322844598D+01
 0.4064176082583D+01 0.3940564695335D+01 0.3820539175365D+01 0.3704143662340D+01
 0.3591415960247D+01 0.3482387568482D+01 0.3377083726648D+01 0.3275523472831D+01
 0.3177719715047D+01 0.3083679315540D+01 0.2993403187545D+01 0.2906886404108D+01
 0.2824118318511D+01 0.2745082695805D+01 0.2669757854934D+01 0.2598116820883D+01
 0.2530127486272D+01 0.2465752781774D+01 0.2404950854728D+01 0.2347675255273D+01
 0.2293875129346D+01 0.2243495417843D+01 0.2196477061254D+01 0.2152757209072D+01
 0.2112269433268D+01 0.2074943945144D+01 0.2040707814876D+01 0.2009485193063D+01
 0.1981197533626D+01 0.1955763817427D+01 0.1933100775964D+01 0.1913123114580D+01
 0.1895743734593D+01 0.1880873953828D+01 0.1868423725031D+01 0.1858301851702D+01
 0.1850416200892D+01 0.1844673912553D+01 0.1840981605067D+01 0.1839245576586D+01
 0.1839372001880D+01 0.1841267124375D+01 0.1844837443131D+01 0.1849989894507D+01
 0.1856632028291D+01 0.1864672178100D+01 0.1874019625869D+01 0.1884584760273D+01
 0.1896279228943D+01 0.1909016084341D+01 0.1922709923206D+01 0.1937277019467D+01
 0.1952635450549D+01 0.1968705217018D+01 0.1985408355515D+01 0.2002669044953D+01
 0.2020413705950D+01 0.2038571093523D+01 0.2057072383025D+01 0.2075851249389D+01
 0.2094843939700D+01 0.2113989339176D+01 0.2133229030629D+01 0.2152507347505D+01
 0.2171771420616D+01 0.2190971218700D+01 0.2210059582949D+01 0.2228992255690D+01
 0.2247727903372D+01 0.2266228134105D+01 0.2284457509930D+01 0.2302383554088D+01
 0.2319976753532D+01 0.2337210556961D+01 0.2354061368665D+01 0.2370508538496D+01
 0.2386534348282D+01 0.2402123995043D+01 0.2417265571355D+01 0.2431950043242D+01
 0.2446171225992D+01 0.2459925758302D+01 0.2473213075169D+01 0.2486035379974D+01
 0.2498397616196D+01 0.2510307439239D+01 0.2521775188828D+01 0.2532813862477D+01
 0.2543439090538D+01 0.2553669113329D+01 0.2563524760875D+01 0.2573029439020D+01
 0.2582209105886D+01 0.2591581029988D+01 0.2601656988410D+01 0.2612458365084D+01
 0.2624008972599D+01 0.2636335146541D+01 0.2649465852134D+01 0.2663432803898D+01
 0.2678270599045D+01 0.2694016865443D+01 0.2710712425030D+01 0.2728401473645D+01
 0.2747131778311D+01 0.2766954893126D+01 0.2787926394980D+01 0.2810106140447D+01
 0.2833558545298D+01 0.2858352888219D+01 0.2884563640434D+01 0.2912270823077D+01
 0.2941560394338D+01 0.2972524668516D+01 0.3005262769361D+01 0.3039881120221D+01
 0.3076493973748D+01 0.3115223984139D+01 0.3156202825115D+01
    4    0
    1    0   -1  -129.30436  1s   
    2    0   -1    -9.11678  2s   
    2    1    1    -5.99444  2p   
    2    1   -2    -5.99444  2p   
