 nspin  vdif :::::: Potentials for non-spin-polarized non-relativistic Va.      
    1   0.0000000000000D+00
 LSMS:           Va     z=  0.    xvalws=   0.86520
   0.                      2.22203    0.  0.6235416860678D+00
                 -0.9201576561540D+01 0.7984234384603D+00 1001 1027
 0.6369424323121D-04 0.6433433572393D-04 0.6498086125527D-04 0.6563388447397D-04
 0.6629347068653D-04 0.6695968584954D-04 0.6763259658698D-04 0.6831227019096D-04
 0.6899877462665D-04 0.6969217854804D-04 0.7039255129443D-04 0.7109996290311D-04
 0.7181448411706D-04 0.7253618638833D-04 0.7326514189034D-04 0.7400142351341D-04
 0.7474510489154D-04 0.7549626039246D-04 0.7625496513045D-04 0.7702129497995D-04
 0.7779532657056D-04 0.7857713730878D-04 0.7936680537527D-04 0.8016440973770D-04
 0.8097003015789D-04 0.8178374719781D-04 0.8260564222965D-04 0.8343579744383D-04
 0.8427429585630D-04 0.8512122131815D-04 0.8597665852241D-04 0.8684069301430D-04
 0.8771341119607D-04 0.8859490034216D-04 0.8948524860163D-04 0.9038454500879D-04
 0.9129287949601D-04 0.9221034289531D-04 0.9313702695638D-04 0.9407302434693D-04
 0.9501842866682D-04 0.9597333445865D-04 0.9693783721208D-04 0.9791203338112D-04
 0.9889602038313D-04 0.9988989661920D-04 0.1008937614778D-03 0.1019077153453D-03
 0.1029318596187D-03 0.1039662967126D-03 0.1050111300742D-03 0.1060664641825D-03
 0.1071324045762D-03 0.1082090578480D-03 0.1092965316664D-03 0.1103949347778D-03
 0.1115043770246D-03 0.1126249693488D-03 0.1137568238142D-03 0.1149000536068D-03
 0.1160547730487D-03 0.1172210976127D-03 0.1183991439350D-03 0.1195890298190D-03
 0.1207908742546D-03 0.1220047974279D-03 0.1232309207311D-03 0.1244693667780D-03
 0.1257202594155D-03 0.1269837237330D-03 0.1282598860747D-03 0.1295488740633D-03
 0.1308508165955D-03 0.1321658438671D-03 0.1334940873841D-03 0.1348356799693D-03
 0.1361907557820D-03 0.1375594503336D-03 0.1389419004952D-03 0.1403382445104D-03
 0.1417486220158D-03 0.1431731740506D-03 0.1446120430710D-03 0.1460653729640D-03
 0.1475333090675D-03 0.1490159981713D-03 0.1505135885476D-03 0.1520262299581D-03
 0.1535540736658D-03 0.1550972724591D-03 0.1566559806564D-03 0.1582303541316D-03
 0.1598205503219D-03 0.1614267282505D-03 0.1630490485346D-03 0.1646876734067D-03
 0.1663427667335D-03 0.1680144940236D-03 0.1697030224502D-03 0.1714085208704D-03
 0.1731311598329D-03 0.1748711116047D-03 0.1766285501822D-03 0.1784036513101D-03
 0.1801965924993D-03 0.1820075530455D-03 0.1838367140488D-03 0.1856842584233D-03
 0.1875503709272D-03 0.1894352381733D-03 0.1913390486471D-03 0.1932619927341D-03
 0.1952042627299D-03 0.1971660528618D-03 0.1991475593115D-03 0.2011489802305D-03
 0.2031705157631D-03 0.2052123680656D-03 0.2072747413217D-03 0.2093578417728D-03
 0.2114618777304D-03 0.2135870595984D-03 0.2157335998997D-03 0.2179017132859D-03
 0.2200916165734D-03 0.2223035287534D-03 0.2245376710181D-03 0.2267942667852D-03
 0.2290735417143D-03 0.2313757237353D-03 0.2337010430667D-03 0.2360497322456D-03
 0.2384220261411D-03 0.2408181619847D-03 0.2432383793906D-03 0.2456829203842D-03
 0.2481520294202D-03 0.2506459534138D-03 0.2531649417566D-03 0.2557092463519D-03
 0.2582791216292D-03 0.2608748245796D-03 0.2634966147769D-03 0.2661447543992D-03
 0.2688195082657D-03 0.2715211438506D-03 0.2742499313238D-03 0.2770061435612D-03
 0.2797900561905D-03 0.2826019476033D-03 0.2854420989903D-03 0.2883107943701D-03
 0.2912083206145D-03 0.2941349674764D-03 0.2970910276255D-03 0.3000767966678D-03
 0.3030925731855D-03 0.3061386587539D-03 0.3092153579888D-03 0.3123229785599D-03
 0.3154618312322D-03 0.3186322298923D-03 0.3218344915836D-03 0.3250689365352D-03
 0.3283358881931D-03 0.3316356732566D-03 0.3349686217034D-03 0.3383350668347D-03
 0.3417353452964D-03 0.3451697971166D-03 0.3486387657459D-03 0.3521425980829D-03
 0.3556816445119D-03 0.3592562589438D-03 0.3628667988395D-03 0.3665136252572D-03
 0.3701971028816D-03 0.3739176000640D-03 0.3776754888555D-03 0.3814711450481D-03
 0.3853049482116D-03 0.3891772817295D-03 0.3930885328341D-03 0.3970390926588D-03
 0.4010293562596D-03 0.4050597226648D-03 0.4091305949149D-03 0.4132423801015D-03
 0.4173954894047D-03 0.4215903381390D-03 0.4258273457904D-03 0.4301069360650D-03
 0.4344295369241D-03 0.4387955806329D-03 0.4432055037953D-03 0.4476597474080D-03
 0.4521587569000D-03 0.4567029821733D-03 0.4612928776549D-03 0.4659289023376D-03
 0.4706115198273D-03 0.4753411983874D-03 0.4801184109902D-03 0.4849436353616D-03
 0.4898173540253D-03 0.4947400543569D-03 0.4997122286302D-03 0.5047343740646D-03
 0.5098069928790D-03 0.5149305923412D-03 0.5201056848108D-03 0.5253327878021D-03
 0.5306124240284D-03 0.5359451214573D-03 0.5413314133613D-03 0.5467718383740D-03
 0.5522669405409D-03 0.5578172693742D-03 0.5634233799151D-03 0.5690858327736D-03
 0.5748051941984D-03 0.5805820361330D-03 0.5864169362610D-03 0.5923104780797D-03
 0.5982632509438D-03 0.6042758501363D-03 0.6103488769191D-03 0.6164829386008D-03
 0.6226786485896D-03 0.6289366264591D-03 0.6352574980129D-03 0.6416418953413D-03
 0.6480904568876D-03 0.6546038275096D-03 0.6611826585516D-03 0.6678276078986D-03
 0.6745393400467D-03 0.6813185261775D-03 0.6881658442104D-03 0.6950819788820D-03
 0.7020676218079D-03 0.7091234715576D-03 0.7162502337191D-03 0.7234486209727D-03
 0.7307193531603D-03 0.7380631573562D-03 0.7454807679500D-03 0.7529729267035D-03
 0.7605403828348D-03 0.7681838930938D-03 0.7759042218374D-03 0.7837021410976D-03
 0.7915784306731D-03 0.7995338781954D-03 0.8075692792151D-03 0.8156854372709D-03
 0.8238831639858D-03 0.8321632791328D-03 0.8405266107289D-03 0.8489739951108D-03
 0.8575062770186D-03 0.8661243096851D-03 0.8748289549138D-03 0.8836210831757D-03
 0.8925015736856D-03 0.9014713144955D-03 0.9105312025812D-03 0.9196821439352D-03
 0.9289250536547D-03 0.9382608560318D-03 0.9476904846522D-03 0.9572148824788D-03
 0.9668350019547D-03 0.9765518050941D-03 0.9863662635793D-03 0.9962793588606D-03
 0.1006292082245D-02 0.1016405435010D-02 0.1026620428491D-02 0.1036938084192D-02
 0.1047359433878D-02 0.1057885519685D-02 0.1068517394223D-02 0.1079256120683D-02
 0.1090102772936D-02 0.1101058435650D-02 0.1112124204391D-02 0.1123301185736D-02
 0.1134590497384D-02 0.1145993268268D-02 0.1157510638663D-02 0.1169143760307D-02
 0.1180893796512D-02 0.1192761922280D-02 0.1204749324423D-02 0.1216857201681D-02
 0.1229086764840D-02 0.1241439236855D-02 0.1253915852972D-02 0.1266517860850D-02
 0.1279246520687D-02 0.1292103105349D-02 0.1305088900489D-02 0.1318205204684D-02
 0.1331453329560D-02 0.1344834599928D-02 0.1358350353910D-02 0.1372001943076D-02
 0.1385790732583D-02 0.1399718101299D-02 0.1413785441961D-02 0.1427994161295D-02
 0.1442345680165D-02 0.1456841433719D-02 0.1471482871524D-02 0.1486271457714D-02
 0.1501208671142D-02 0.1516296005518D-02 0.1531534969569D-02 0.1546927087179D-02
 0.1562473897551D-02 0.1578176955354D-02 0.1594037830884D-02 0.1610058110213D-02
 0.1626239395360D-02 0.1642583304436D-02 0.1659091471823D-02 0.1675765548317D-02
 0.1692607201314D-02 0.1709618114963D-02 0.1726799990336D-02 0.1744154545603D-02
 0.1761683516199D-02 0.1779388655007D-02 0.1797271732516D-02 0.1815334537012D-02
 0.1833578874754D-02 0.1852006570153D-02 0.1870619465953D-02 0.1889419423418D-02
 0.1908408322516D-02 0.1927588062114D-02 0.1946960560152D-02 0.1966527753850D-02
 0.1986291599899D-02 0.2006254074649D-02 0.2026417174312D-02 0.2046782915165D-02
 0.2067353333744D-02 0.2088130487053D-02 0.2109116452767D-02 0.2130313329444D-02
 0.2151723236722D-02 0.2173348315555D-02 0.2195190728400D-02 0.2217252659451D-02
 0.2239536314850D-02 0.2262043922914D-02 0.2284777734345D-02 0.2307740022473D-02
 0.2330933083465D-02 0.2354359236571D-02 0.2378020824339D-02 0.2401920212868D-02
 0.2426059792027D-02 0.2450441975705D-02 0.2475069202047D-02 0.2499943933704D-02
 0.2525068658071D-02 0.2550445887538D-02 0.2576078159748D-02 0.2601968037839D-02
 0.2628118110714D-02 0.2654530993286D-02 0.2681209326747D-02 0.2708155778833D-02
 0.2735373044088D-02 0.2762863844129D-02 0.2790630927931D-02 0.2818677072086D-02
 0.2847005081093D-02 0.2875617787631D-02 0.2904518052847D-02 0.2933708766635D-02
 0.2963192847935D-02 0.2992973245013D-02 0.3023052935769D-02 0.3053434928022D-02
 0.3084122259819D-02 0.3115117999733D-02 0.3146425247175D-02 0.3178047132701D-02
 0.3209986818324D-02 0.3242247497832D-02 0.3274832397105D-02 0.3307744774440D-02
 0.3340987920875D-02 0.3374565160521D-02 0.3408479850885D-02 0.3442735383218D-02
 0.3477335182845D-02 0.3512282709513D-02 0.3547581457728D-02 0.3583234957117D-02
 0.3619246772771D-02 0.3655620505603D-02 0.3692359792712D-02 0.3729468307738D-02
 0.3766949761242D-02 0.3804807901060D-02 0.3843046512697D-02 0.3881669419690D-02
 0.3920680483990D-02 0.3960083606362D-02 0.3999882726760D-02 0.4040081824729D-02
 0.4080684919797D-02 0.4121696071881D-02 0.4163119381693D-02 0.4204958991144D-02
 0.4247219083763D-02 0.4289903885114D-02 0.4333017663219D-02 0.4376564728980D-02
 0.4420549436614D-02 0.4464976184087D-02 0.4509849413552D-02 0.4555173611793D-02
 0.4600953310675D-02 0.4647193087597D-02 0.4693897565943D-02 0.4741071415550D-02
 0.4788719353176D-02 0.4836846142965D-02 0.4885456596927D-02 0.4934555575414D-02
 0.4984147987613D-02 0.5034238792027D-02 0.5084832996981D-02 0.5135935661111D-02
 0.5187551893876D-02 0.5239686856067D-02 0.5292345760320D-02 0.5345533871641D-02
 0.5399256507927D-02 0.5453519040496D-02 0.5508326894632D-02 0.5563685550116D-02
 0.5619600541780D-02 0.5676077460054D-02 0.5733121951534D-02 0.5790739719529D-02
 0.5848936524649D-02 0.5907718185368D-02 0.5967090578605D-02 0.6027059640318D-02
 0.6087631366087D-02 0.6148811811721D-02 0.6210607093858D-02 0.6273023390573D-02
 0.6336066941999D-02 0.6399744050949D-02 0.6464061083541D-02 0.6529024469839D-02
 0.6594640704487D-02 0.6660916347365D-02 0.6727858024240D-02 0.6795472427422D-02
 0.6863766316440D-02 0.6932746518711D-02 0.7002419930223D-02 0.7072793516219D-02
 0.7143874311898D-02 0.7215669423108D-02 0.7288186027068D-02 0.7361431373066D-02
 0.7435412783195D-02 0.7510137653080D-02 0.7585613452613D-02 0.7661847726696D-02
 0.7738848095997D-02 0.7816622257714D-02 0.7895177986327D-02 0.7974523134388D-02
 0.8054665633296D-02 0.8135613494090D-02 0.8217374808243D-02 0.8299957748473D-02
 0.8383370569557D-02 0.8467621609149D-02 0.8552719288614D-02 0.8638672113864D-02
 0.8725488676212D-02 0.8813177653212D-02 0.8901747809548D-02 0.8991207997877D-02
 0.9081567159734D-02 0.9172834326411D-02 0.9265018619859D-02 0.9358129253592D-02
 0.9452175533611D-02 0.9547166859321D-02 0.9643112724476D-02 0.9740022718115D-02
 0.9837906525522D-02 0.9936773929183D-02 0.1003663480977D-01 0.1013749914710D-01
 0.1023937702116D-01 0.1034227861309D-01 0.1044621420618D-01 0.1055119418694D-01
 0.1065722904608D-01 0.1076432937958D-01 0.1087250588974D-01 0.1098176938622D-01
 0.1109213078717D-01 0.1120360112025D-01 0.1131619152376D-01 0.1142991324775D-01
 0.1154477765511D-01 0.1166079622272D-01 0.1177798054260D-01 0.1189634232301D-01
 0.1201589338967D-01 0.1213664568691D-01 0.1225861127882D-01 0.1238180235052D-01
 0.1250623120931D-01 0.1263191028590D-01 0.1275885213565D-01 0.1288706943982D-01
 0.1301657500683D-01 0.1314738177349D-01 0.1327950280634D-01 0.1341295130289D-01
 0.1354774059297D-01 0.1368388414000D-01 0.1382139554238D-01 0.1396028853481D-01
 0.1410057698961D-01 0.1424227491817D-01 0.1438539647226D-01 0.1452995594548D-01
 0.1467596777465D-01 0.1482344654123D-01 0.1497240697280D-01 0.1512286394445D-01
 0.1527483248030D-01 0.1542832775498D-01 0.1558336509509D-01 0.1573995998075D-01
 0.1589812804711D-01 0.1605788508588D-01 0.1621924704694D-01 0.1638223003982D-01
 0.1654685033539D-01 0.1671312436737D-01 0.1688106873401D-01 0.1705070019970D-01
 0.1722203569663D-01 0.1739509232642D-01 0.1756988736186D-01 0.1774643824856D-01
 0.1792476260668D-01 0.1810487823267D-01 0.1828680310100D-01 0.1847055536593D-01
 0.1865615336330D-01 0.1884361561230D-01 0.1903296081734D-01 0.1922420786983D-01
 0.1941737585004D-01 0.1961248402898D-01 0.1980955187030D-01 0.2000859903217D-01
 0.2020964536918D-01 0.2041271093434D-01 0.2061781598101D-01 0.2082498096485D-01
 0.2103422654584D-01 0.2124557359033D-01 0.2145904317301D-01 0.2167465657900D-01
 0.2189243530590D-01 0.2211240106593D-01 0.2233457578799D-01 0.2255898161982D-01
 0.2278564093012D-01 0.2301457631078D-01 0.2324581057901D-01 0.2347936677960D-01
 0.2371526818712D-01 0.2395353830821D-01 0.2419420088380D-01 0.2443727989147D-01
 0.2468279954773D-01 0.2493078431036D-01 0.2518125888079D-01 0.2543424820646D-01
 0.2568977748325D-01 0.2594787215787D-01 0.2620855793036D-01 0.2647186075651D-01
 0.2673780685038D-01 0.2700642268682D-01 0.2727773500400D-01 0.2755177080598D-01
 0.2782855736528D-01 0.2810812222551D-01 0.2839049320399D-01 0.2867569839440D-01
 0.2896376616949D-01 0.2925472518375D-01 0.2954860437614D-01 0.2984543297288D-01
 0.3014524049019D-01 0.3044805673709D-01 0.3075391181826D-01 0.3106283613685D-01
 0.3137486039739D-01 0.3169001560867D-01 0.3200833308667D-01 0.3232984445754D-01
 0.3265458166051D-01 0.3298257695097D-01 0.3331386290346D-01 0.3364847241471D-01
 0.3398643870676D-01 0.3432779533004D-01 0.3467257616651D-01 0.3502081543282D-01
 0.3537254768349D-01 0.3572780781415D-01 0.3608663106474D-01 0.3644905302280D-01
 0.3681510962675D-01 0.3718483716924D-01 0.3755827230047D-01 0.3793545203154D-01
 0.3831641373792D-01 0.3870119516284D-01 0.3908983442072D-01 0.3948237000070D-01
 0.3987884077014D-01 0.4027928597814D-01 0.4068374525913D-01 0.4109225863644D-01
 0.4150486652595D-01 0.4192160973972D-01 0.4234252948966D-01 0.4276766739126D-01
 0.4319706546732D-01 0.4363076615167D-01 0.4406881229301D-01 0.4451124715870D-01
 0.4495811443861D-01 0.4540945824898D-01 0.4586532313633D-01 0.4632575408137D-01
 0.4679079650298D-01 0.4726049626217D-01 0.4773489966609D-01 0.4821405347205D-01
 0.4869800489163D-01 0.4918680159470D-01 0.4968049171360D-01 0.5017912384721D-01
 0.5068274706520D-01 0.5119141091214D-01 0.5170516541179D-01 0.5222406107130D-01
 0.5274814888548D-01 0.5327748034112D-01 0.5381210742129D-01 0.5435208260968D-01
 0.5489745889501D-01 0.5544828977533D-01 0.5600462926255D-01 0.5656653188679D-01
 0.5713405270086D-01 0.5770724728477D-01 0.5828617175022D-01 0.5887088274511D-01
 0.5946143745808D-01 0.6005789362313D-01 0.6066030952412D-01 0.6126874399945D-01
 0.6188325644664D-01 0.6250390682699D-01 0.6313075567021D-01 0.6376386407912D-01
 0.6440329373432D-01 0.6504910689890D-01 0.6570136642317D-01 0.6636013574933D-01
 0.6702547891630D-01 0.6769746056440D-01 0.6837614594013D-01 0.6906160090096D-01
 0.6975389192008D-01 0.7045308609120D-01 0.7115925113333D-01 0.7187245539559D-01
 0.7259276786200D-01 0.7332025815626D-01 0.7405499654656D-01 0.7479705395039D-01
 0.7554650193933D-01 0.7630341274381D-01 0.7706785925793D-01 0.7783991504422D-01
 0.7861965433841D-01 0.7940715205417D-01 0.8020248378787D-01 0.8100572582330D-01
 0.8181695513638D-01 0.8263624939984D-01 0.8346368698789D-01 0.8429934698087D-01
 0.8514330916986D-01 0.8599565406128D-01 0.8685646288142D-01 0.8772581758098D-01
 0.8860380083957D-01 0.8949049607011D-01 0.9038598742328D-01 0.9129035979184D-01
 0.9220369881496D-01 0.9312609088247D-01 0.9405762313904D-01 0.9499838348835D-01
 0.9594846059714D-01 0.9690794389923D-01 0.9787692359947D-01 0.9885549067756D-01
 0.9984373689190D-01 0.1008417547832D+00 0.1018496376783D+00 0.1028674796933D+00
 0.1038953757373D+00 0.1049334215158D+00 0.1059817135336D+00 0.1070403490981D+00
 0.1081094263221D+00 0.1091890441270D+00 0.1102793022452D+00 0.1113803012226D+00
 0.1124921424217D+00 0.1136149280230D+00 0.1147487610277D+00 0.1158937452597D+00
 0.1170499853672D+00 0.1182175868243D+00 0.1193966559325D+00 0.1205872998221D+00
 0.1217896264531D+00 0.1230037446161D+00 0.1242297639327D+00 0.1254677948562D+00
 0.1267179486717D+00 0.1279803374957D+00 0.1292550742762D+00 0.1305422727918D+00
 0.1318420476507D+00 0.1331545142897D+00 0.1344797889729D+00 0.1358179887893D+00
 0.1371692316514D+00 0.1385336362921D+00 0.1399113222622D+00 0.1413024099273D+00
 0.1427070204641D+00 0.1441252758562D+00 0.1455572988904D+00 0.1470032131513D+00
 0.1484631430163D+00 0.1499372136501D+00 0.1514255509982D+00 0.1529282817808D+00
 0.1544455334849D+00 0.1559774343576D+00 0.1575241133969D+00 0.1590857003438D+00
 0.1606623256723D+00 0.1622541205800D+00 0.1638612169771D+00 0.1654837474753D+00
 0.1671218453761D+00 0.1687756446579D+00 0.1704452799631D+00 0.1721308865835D+00
 0.1738326004461D+00 0.1755505580970D+00 0.1772848966852D+00 0.1790357539453D+00
 0.1808032681793D+00 0.1825875782376D+00 0.1843888234987D+00 0.1862071438485D+00
 0.1880426796583D+00 0.1898955717614D+00 0.1917659614295D+00 0.1936539903470D+00
 0.1955598005847D+00 0.1974835345724D+00 0.1994253350699D+00 0.2013853451371D+00
 0.2033637081021D+00 0.2053605675293D+00 0.2073760671841D+00 0.2094103509984D+00
 0.2114635630325D+00 0.2135358474371D+00 0.2156273484127D+00 0.2177382101676D+00
 0.2198685768746D+00 0.2220185926250D+00 0.2241884013819D+00 0.2263781469308D+00
 0.2285879728285D+00 0.2308180223501D+00 0.2330684384337D+00 0.2353393636232D+00
 0.2376309400087D+00 0.2399433091646D+00 0.2422766120854D+00 0.2446309891192D+00
 0.2470065798984D+00 0.2494035232679D+00 0.2518219572105D+00 0.2542620187700D+00
 0.2567238439709D+00 0.2592075677350D+00 0.2617133237957D+00 0.2642412446084D+00
 0.2667914612579D+00 0.2693641033627D+00 0.2719592989752D+00 0.2745771744789D+00
 0.2772178544813D+00 0.2798814617037D+00 0.2825681168664D+00 0.2852779385702D+00
 0.2880110431730D+00 0.2907675446634D+00 0.2935475545281D+00 0.2963511816158D+00
 0.2991785319960D+00 0.3020297088127D+00 0.3049048121331D+00 0.3078039387908D+00
 0.3107271822238D+00 0.3136746323066D+00 0.3166463751767D+00 0.3196424930545D+00
 0.3226630640579D+00 0.3257081620093D+00 0.3287778562373D+00 0.3318722113700D+00
 0.3349912871221D+00 0.3381351380748D+00 0.3413038134475D+00 0.3444973568617D+00
 0.3477158060974D+00 0.3509591928402D+00 0.3542275424204D+00 0.3575208735429D+00
 0.3608391980076D+00 0.3641825204206D+00 0.3675508378950D+00 0.3709441397417D+00
 0.3743624071496D+00 0.3778056128547D+00 0.3812737207978D+00 0.3847666857702D+00
 0.3882844530478D+00 0.3918269580121D+00 0.3953941257581D+00 0.3989858706889D+00
 0.4026020960964D+00 0.4062426937269D+00 0.4099075433326D+00 0.4135965122066D+00
 0.4173094547022D+00 0.4210462117359D+00 0.4248066102722D+00 0.4285904627912D+00
 0.4323975667373D+00 0.4362277039485D+00 0.4400806400661D+00 0.4439561239229D+00
 0.4478538869112D+00 0.4517736423270D+00 0.4557150846917D+00 0.4596778890504D+00
 0.4636617102439D+00 0.4676661821559D+00 0.4716909169330D+00 0.4757355041763D+00
 0.4797995101047D+00 0.4838824766879D+00 0.4879839207471D+00 0.4921033330249D+00
 0.4962401772197D+00 0.5003938889858D+00 0.5045638748968D+00 0.5087495113705D+00
 0.5129501435546D+00 0.5171650841711D+00 0.5213936123179D+00 0.5256349722249D+00
 0.5298883719650D+00 0.5341529821153D+00 0.5384279343688D+00 0.5427123200929D+00
 0.5470051888331D+00 0.5513055467603D+00 0.5556123550574D+00 0.5599245282445D+00
 0.5642409324396D+00 0.5685603835503D+00 0.5728816453969D+00 0.5772034277600D+00
 0.5815243843523D+00 0.5858431107099D+00 0.5901581419995D+00 0.5944679507382D+00
 0.5987709444217D+00 0.6030654630565D+00 0.6073497765928D+00 0.6116220822518D+00
 0.6158805017445D+00 0.6201230783758D+00 0.6243477740281D+00 0.6285524660211D+00
 0.6327349438390D+00 0.6368929057211D+00 0.6410239551083D+00 0.6451255969395D+00
 0.6491952337895D+00 0.6532301618418D+00 0.6572275666884D+00 0.6611845189475D+00
 0.6650979696910D+00 0.6689647456721D+00 0.6727815443439D+00 0.6765449286572D+00
 0.6802513216287D+00 0.6838970006666D+00 0.6874780916425D+00 0.6909905626961D+00
 0.6944302177607D+00 0.6977926897932D+00 0.7010734336970D+00 0.7042677189184D+00
 0.7073706217035D+00 0.7103770169958D+00 0.7132815699576D+00 0.7160787270949D+00
 0.7187627069669D+00 0.7213274904563D+00 0.7237668105807D+00 0.7260741418189D+00
 0.7282426889283D+00 0.7302653752262D+00 0.7321348303075D+00 0.7338433771693D+00
 0.7353830187114D+00 0.7367454235796D+00 0.7379219113182D+00 0.7389034367948D+00
 0.7396805738587D+00 0.7402434981942D+00 0.7405819693249D+00 0.7406853117249D+00
 0.7405423949904D+00 0.7401416130215D+00 0.7394708621632D+00 0.7385175182493D+00
 0.7372684124947D+00 0.7357098061726D+00 0.7338273640157D+00 0.7316061262737D+00
 0.7290304793587D+00 0.7260841250047D+00 0.7227500478644D+00 0.7190104814662D+00
 0.7148468724443D+00 0.7102398429581D+00 0.7051691512089D+00 0.6996136499593D+00
 0.6935512429578D+00 0.6869588391673D+00 0.6798123046907D+00 0.6720864122862D+00
 0.6637547883593D+00 0.6547898573162D+00 0.6451627831594D+00 0.6348434079727D+00
 0.6238001883464D+00
                                    0.0000000000000D+00
 1027 0.8651979542365D+00
 0.4142607150394D-09 0.4226310501482D-09 0.4311704944708D-09 0.4398824644185D-09
 0.4487704453622D-09 0.4578379932000D-09 0.4670887355773D-09 0.4765263734718D-09
 0.4861546825874D-09 0.4959775148897D-09 0.5059988002593D-09 0.5162225478473D-09
 0.5266528478849D-09 0.5372938731635D-09 0.5481498808406D-09 0.5592252140324D-09
 0.5705243036378D-09 0.5820516699325D-09 0.5938119247779D-09 0.6058097728764D-09
 0.6180500142267D-09 0.6305375457011D-09 0.6432773630820D-09 0.6562745631175D-09
 0.6695343453656D-09 0.6830620148081D-09 0.6968629830154D-09 0.7109427715490D-09
 0.7253070129531D-09 0.7399614538685D-09 0.7549119569465D-09 0.7701645031438D-09
 0.7857251945323D-09 0.8016002562349D-09 0.8177960391432D-09 0.8343190226069D-09
 0.8511758165974D-09 0.8683731648709D-09 0.8859179472550D-09 0.9038171828566D-09
 0.9220780320509D-09 0.9407078004308D-09 0.9597139405577D-09 0.9791040564369D-09
 0.9988859046969D-09 0.1019067399344D-08 0.1039656613963D-08 0.1060661785300D-08
 0.1082091316513D-08 0.1103953780560D-08 0.1126257923500D-08 0.1149012668193D-08
 0.1172227117556D-08 0.1195910558648D-08 0.1220072466144D-08 0.1244722505551D-08
 0.1269870538307D-08 0.1295526625141D-08 0.1321701029329D-08 0.1348404222006D-08
 0.1375646885786D-08 0.1403439918844D-08 0.1431794439978D-08 0.1460721792178D-08
 0.1490233547508D-08 0.1520341512299D-08 0.1551057731095D-08 0.1582394491565D-08
 0.1614364329856D-08 0.1646980035509D-08 0.1680254656128D-08 0.1714201503124D-08
 0.1748834156440D-08 0.1784166470951D-08 0.1820212580908D-08 0.1856986906492D-08
 0.1894504158612D-08 0.1932779346235D-08 0.1971827780657D-08 0.2011665082942D-08
 0.2052307189922D-08 0.2093770359776D-08 0.2136071179714D-08 0.2179226571419D-08
 0.2223253799167D-08 0.2268170475472D-08 0.2313994568729D-08 0.2360744410316D-08
 0.2408438702308D-08 0.2457096524004D-08 0.2506737340441D-08 0.2557381009879D-08
 0.2609047791674D-08 0.2661758354717D-08 0.2715533784879D-08 0.2770395594522D-08
 0.2826365730525D-08 0.2883466582588D-08 0.2941720993871D-08 0.3001152267589D-08
 0.3061784178409D-08 0.3123640981927D-08 0.3186747422533D-08 0.3251128745147D-08
 0.3316810704642D-08 0.3383819576193D-08 0.3452182165295D-08 0.3521925819762D-08
 0.3593078439417D-08 0.3665668487505D-08 0.3739725002896D-08 0.3815277610295D-08
 0.3892356533378D-08 0.3970992606580D-08 0.4051217286796D-08 0.4133062666617D-08
 0.4216561486621D-08 0.4301747149273D-08 0.4388653731606D-08 0.4477315998909D-08
 0.4567769419282D-08 0.4660050176426D-08 0.4754195186116D-08 0.4850242109299D-08
 0.4948229367128D-08 0.5048196158614D-08 0.5150182472670D-08 0.5254229107186D-08
 0.5360377684372D-08 0.5468670666571D-08 0.5579151374174D-08 0.5691864003113D-08
 0.5806853641770D-08 0.5924166289361D-08 0.6043848874346D-08 0.6165949273380D-08
 0.6290516330274D-08 0.6417599875415D-08 0.6547250746196D-08 0.6679520806120D-08
 0.6814462967560D-08 0.6952131211082D-08 0.7092580607807D-08 0.7235867341561D-08
 0.7382048731564D-08 0.7531183253657D-08 0.7683330565884D-08 0.7838551532045D-08
 0.7996908244417D-08 0.8158464049893D-08 0.8323283575632D-08 0.8491432753737D-08
 0.8662978848190D-08 0.8837990482653D-08 0.9016537665591D-08 0.9198691821960D-08
 0.9384525816888D-08 0.9574113989682D-08 0.9767532180697D-08 0.9964857762058D-08
 0.1016616966881D-07 0.1037154843154D-07 0.1058107620686D-07 0.1079483681114D-07
 0.1101291575423D-07 0.1123540027317D-07 0.1146237936765D-07 0.1169394383515D-07
 0.1193018630615D-07 0.1217120128558D-07 0.1241708518371D-07 0.1266793636136D-07
 0.1292385516467D-07 0.1318494396708D-07 0.1345130721166D-07 0.1372305144899D-07
 0.1400028538402D-07 0.1428311991767D-07 0.1457166818947D-07 0.1486604562605D-07
 0.1516636998595D-07 0.1547276140562D-07 0.1578534244895D-07 0.1610423815598D-07
 0.1642957609214D-07 0.1676148640061D-07 0.1710010185344D-07 0.1744555790383D-07
 0.1779799274418D-07 0.1815754735406D-07 0.1852436556592D-07 0.1889859411412D-07
 0.1928038269871D-07 0.1966988404420D-07 0.2006725396060D-07 0.2047265140406D-07
 0.2088623854285D-07 0.2130818082160D-07 0.2173864702624D-07 0.2217780935260D-07
 0.2262584347656D-07 0.2308292862098D-07 0.2354924763026D-07 0.2402498704103D-07
 0.2451033716270D-07 0.2500549214322D-07 0.2551065005632D-07 0.2602601297605D-07
 0.2655178705971D-07 0.2708818262726D-07 0.2763541424853D-07 0.2819370082877D-07
 0.2876326569499D-07 0.2934433668371D-07 0.2993714623734D-07 0.3054193149194D-07
 0.3115893437419D-07 0.3178840169843D-07 0.3243058526564D-07 0.3308574196231D-07
 0.3375413386517D-07 0.3443602834430D-07 0.3513169817386D-07 0.3584142163371D-07
 0.3656548263022D-07 0.3730417080122D-07 0.3805778163974D-07 0.3882661660309D-07
 0.3961098324307D-07 0.4041119532216D-07 0.4122757294136D-07 0.4206044266818D-07
 0.4291013767007D-07 0.4377699783954D-07 0.4466136994034D-07 0.4556360773866D-07
 0.4648407214815D-07 0.4742313137389D-07 0.4838116105767D-07 0.4935854443206D-07
 0.5035567246940D-07 0.5137294404287D-07 0.5241076607952D-07 0.5346955373016D-07
 0.5454973053154D-07 0.5565172857629D-07 0.5677598868525D-07 0.5792296058575D-07
 0.5909310308947D-07 0.6028688427746D-07 0.6150478168510D-07 0.6274728249664D-07
 0.6401488373725D-07 0.6530809247262D-07 0.6662742601286D-07 0.6797341211774D-07
 0.6934658920892D-07 0.7074750658290D-07 0.7217672463683D-07 0.7363481508512D-07
 0.7512236119498D-07 0.7663995801283D-07 0.7818821260921D-07 0.7976774431496D-07
 0.8137918497611D-07 0.8302317920052D-07 0.8470038461848D-07 0.8641147214739D-07
 0.8815712625467D-07 0.8993804523767D-07 0.9175494150004D-07 0.9360854183636D-07
 0.9549958772272D-07 0.9742883561747D-07 0.9939705725771D-07 0.1014050399728D-06
 0.1034535869930D-06 0.1055435177828D-06 0.1076756683530D-06 0.1098508916087D-06
 0.1120700576834D-06 0.1143340542866D-06 0.1166437870652D-06 0.1190001799569D-06
 0.1214041755691D-06 0.1238567355478D-06 0.1263588409657D-06 0.1289114927187D-06
 0.1315157119181D-06 0.1341725403052D-06 0.1368830406658D-06 0.1396482972551D-06
 0.1424694162346D-06 0.1453475261099D-06 0.1482837781852D-06 0.1512793470192D-06
 0.1543354309041D-06 0.1574532523375D-06 0.1606340585133D-06 0.1638791218199D-06
 0.1671897403511D-06 0.1705672384244D-06 0.1740129671114D-06 0.1775283047751D-06
 0.1811146576277D-06 0.1847734602858D-06 0.1885061763495D-06 0.1923142989841D-06
 0.1961993515223D-06 0.2001628880698D-06 0.2042064941289D-06 0.2083317872273D-06
 0.2125404175736D-06 0.2168340687162D-06 0.2212144582054D-06 0.2256833382981D-06
 0.2302424966454D-06 0.2348937570129D-06 0.2396389800104D-06 0.2444800638342D-06
 0.2494189450261D-06 0.2544575992554D-06 0.2595980420955D-06 0.2648423298477D-06
 0.2701925603452D-06 0.2756508738072D-06 0.2812194536838D-06 0.2869005275431D-06
 0.2926963679499D-06 0.2986092933737D-06 0.3046416691352D-06 0.3107959083225D-06
 0.3170744727875D-06 0.3234798741070D-06 0.3300146745995D-06 0.3366814883490D-06
 0.3434829822482D-06 0.3504218770640D-06 0.3575009485305D-06 0.3647230284592D-06
 0.3720910058672D-06 0.3796078281336D-06 0.3872765021865D-06 0.3951000956997D-06
 0.4030817383100D-06 0.4112246228960D-06 0.4195320068271D-06 0.4280072132812D-06
 0.4366536325773D-06 0.4454747235145D-06 0.4544740147819D-06 0.4636551063445D-06
 0.4730216708990D-06 0.4825774553392D-06 0.4923262822543D-06 0.5022720514574D-06
 0.5124187415490D-06 0.5227704115021D-06 0.5333312022989D-06 0.5441053385714D-06
 0.5550971303013D-06 0.5663109745435D-06 0.5777513571838D-06 0.5894228547367D-06
 0.6013301361672D-06 0.6134779647690D-06 0.6258712000653D-06 0.6385147997558D-06
 0.6514138216954D-06 0.6645734259276D-06 0.6779988767331D-06 0.6916955447479D-06
 0.7056689091172D-06 0.7199245596649D-06 0.7344681991620D-06 0.7493056455730D-06
 0.7644428344141D-06 0.7798858211167D-06 0.7956407834331D-06 0.8117140239450D-06
 0.8281119725524D-06 0.8448411890598D-06 0.8619083657956D-06 0.8793203303062D-06
 0.8970840480604D-06 0.9152066252588D-06 0.9336953116622D-06 0.9525575035083D-06
 0.9718007464624D-06 0.9914327386269D-06 0.1011461333636D-05 0.1031894543797D-05
 0.1052740543284D-05 0.1074007671422D-05 0.1095704436023D-05 0.1117839516775D-05
 0.1140421768740D-05 0.1163460225865D-05 0.1186964104634D-05 0.1210942807724D-05
 0.1235405927791D-05 0.1260363251284D-05 0.1285824762388D-05 0.1311800647003D-05
 0.1338301296822D-05 0.1365337313490D-05 0.1392919512849D-05 0.1421058929261D-05
 0.1449766820034D-05 0.1479054669913D-05 0.1508934195681D-05 0.1539417350860D-05
 0.1570516330478D-05 0.1602243575948D-05 0.1634611780066D-05 0.1667633892079D-05
 0.1701323122857D-05 0.1735692950201D-05 0.1770757124216D-05 0.1806529672832D-05
 0.1843024907417D-05 0.1880257428481D-05 0.1918242131544D-05 0.1956994213087D-05
 0.1996529176655D-05 0.2036862839024D-05 0.2078011336554D-05 0.2119991131654D-05
 0.2162819019349D-05 0.2206512134034D-05 0.2251087956301D-05 0.2296564319951D-05
 0.2342959419129D-05 0.2390291815607D-05 0.2438580446220D-05 0.2487844630438D-05
 0.2538104078096D-05 0.2589378897294D-05 0.2641689602443D-05 0.2695057122478D-05
 0.2749502809231D-05 0.2805048445977D-05 0.2861716256165D-05 0.2919528912313D-05
 0.2978509545073D-05 0.3038681752499D-05 0.3100069609500D-05 0.3162697677456D-05
 0.3226591014095D-05 0.3291775183483D-05 0.3358276266275D-05 0.3426120870155D-05
 0.3495336140494D-05 0.3565949771228D-05 0.3637990015918D-05 0.3711485699097D-05
 0.3786466227784D-05 0.3862961603271D-05 0.3941002433148D-05 0.4020619943552D-05
 0.4101845991644D-05 0.4184713078427D-05 0.4269254361691D-05 0.4355503669353D-05
 0.4443495512984D-05 0.4533265101591D-05 0.4624848355800D-05 0.4718281922176D-05
 0.4813603187928D-05 0.4910850295855D-05 0.5010062159696D-05 0.5111278479645D-05
 0.5214539758269D-05 0.5319887316768D-05 0.5427363311472D-05 0.5537010750813D-05
 0.5648873512458D-05 0.5762996360951D-05 0.5879424965628D-05 0.5998205918935D-05
 0.6119386755064D-05 0.6243015968996D-05 0.6369143036002D-05 0.6497818431386D-05
 0.6629093650767D-05 0.6763021230650D-05 0.6899654769593D-05 0.7039048949562D-05
 0.7181259557937D-05 0.7326343509837D-05 0.7474358870947D-05 0.7625364880740D-05
 0.7779421976319D-05 0.7936591816564D-05 0.8096937306897D-05 0.8260522624455D-05
 0.8427413243893D-05 0.8597675963545D-05 0.8771378932302D-05 0.8948591676867D-05
 0.9129385129648D-05 0.9313831657261D-05 0.9502005089451D-05 0.9693980748806D-05
 0.9889835480895D-05 0.1008964768515D-04 0.1029349734624D-04 0.1050146606624D-04
 0.1071363709729D-04 0.1093009537507D-04 0.1115092755282D-04 0.1137622203615D-04
 0.1160606901848D-04 0.1184056051727D-04 0.1207979041092D-04 0.1232385447645D-04
 0.1257285042797D-04 0.1282687795587D-04 0.1308603876687D-04 0.1335043662483D-04
 0.1362017739243D-04 0.1389536907363D-04 0.1417612185711D-04 0.1446254816046D-04
 0.1475476267536D-04 0.1505288241364D-04 0.1535702675428D-04 0.1566731749135D-04
 0.1598387888301D-04 0.1630683770131D-04 0.1663632328323D-04 0.1697246758265D-04
 0.1731540522332D-04 0.1766527355305D-04 0.1802221269884D-04 0.1838636562328D-04
 0.1875787818198D-04 0.1913689918224D-04 0.1952358044292D-04 0.1991807685539D-04
 0.2032054644599D-04 0.2073115043946D-04 0.2115005332389D-04 0.2157742291684D-04
 0.2201343043291D-04 0.2245825055266D-04 0.2291206149287D-04 0.2337504507831D-04
 0.2384738681498D-04 0.2432927596469D-04 0.2482090562142D-04 0.2532247278899D-04
 0.2583417846047D-04 0.2635622769914D-04 0.2688882972110D-04 0.2743219797958D-04
 0.2798655025102D-04 0.2855210872285D-04 0.2912910008294D-04 0.2971775561127D-04
 0.3031831127293D-04 0.3093100781350D-04 0.3155609085602D-04 0.3219381100033D-04
 0.3284442392392D-04 0.3350819048528D-04 0.3418537682932D-04 0.3487625449460D-04
 0.3558110052321D-04 0.3630019757259D-04 0.3703383402967D-04 0.3778230412757D-04
 0.3854590806437D-04 0.3932495212457D-04 0.4011974880294D-04 0.4093061693080D-04
 0.4175788180521D-04 0.4260187532032D-04 0.4346293610197D-04 0.4434140964459D-04
 0.4523764845116D-04 0.4615201217604D-04 0.4708486777048D-04 0.4803658963153D-04
 0.4900755975377D-04 0.4999816788397D-04 0.5100881167943D-04 0.5203989686906D-04
 0.5309183741828D-04 0.5416505569662D-04 0.5525998264969D-04 0.5637705797385D-04
 0.5751673029497D-04 0.5867945735070D-04 0.5986570617656D-04 0.6107595329593D-04
 0.6231068491363D-04 0.6357039711407D-04 0.6485559606293D-04 0.6616679821344D-04
 0.6750453051655D-04 0.6886933063587D-04 0.7026174716660D-04 0.7168233985942D-04
 0.7313167984875D-04 0.7461034988577D-04 0.7611894457646D-04 0.7765807062426D-04
 0.7922834707811D-04 0.8083040558552D-04 0.8246489065069D-04 0.8413245989832D-04
 0.8583378434272D-04 0.8756954866263D-04 0.8934045148156D-04 0.9114720565444D-04
 0.9299053855955D-04 0.9487119239722D-04 0.9678992449430D-04 0.9874750761531D-04
 0.1007447302799D-03 0.1027823970871D-03 0.1048613290460D-03 0.1069823639139D-03
 0.1091463565415D-03 0.1113541792246D-03 0.1136067220639D-03 0.1159048933325D-03
 0.1182496198505D-03 0.1206418473676D-03 0.1230825409546D-03 0.1255726854018D-03
 0.1281132856270D-03 0.1307053670914D-03 0.1333499762245D-03 0.1360481808584D-03
 0.1388010706702D-03 0.1416097576353D-03 0.1444753764887D-03 0.1473990851977D-03
 0.1503820654432D-03 0.1534255231120D-03 0.1565306887999D-03 0.1596988183244D-03
 0.1629311932497D-03 0.1662291214217D-03 0.1695939375153D-03 0.1730270035929D-03
 0.1765297096752D-03 0.1801034743239D-03 0.1837497452375D-03 0.1874699998589D-03
 0.1912657459971D-03 0.1951385224619D-03 0.1990898997124D-03 0.2031214805187D-03
 0.2072349006393D-03 0.2114318295122D-03 0.2157139709613D-03 0.2200830639179D-03
 0.2245408831582D-03 0.2290892400568D-03 0.2337299833562D-03 0.2384649999537D-03
 0.2432962157051D-03 0.2482255962462D-03 0.2532551478321D-03 0.2583869181949D-03
 0.2636229974208D-03 0.2689655188455D-03 0.2744166599706D-03 0.2799786433989D-03
 0.2856537377915D-03 0.2914442588455D-03 0.2973525702935D-03 0.3033810849254D-03
 0.3095322656331D-03 0.3158086264777D-03 0.3222127337819D-03 0.3287472072457D-03
 0.3354147210873D-03 0.3422180052104D-03 0.3491598463965D-03 0.3562430895252D-03
 0.3634706388216D-03 0.3708454591318D-03 0.3783705772274D-03 0.3860490831400D-03
 0.3938841315253D-03 0.4018789430592D-03 0.4100368058652D-03 0.4183610769746D-03
 0.4268551838203D-03 0.4355226257652D-03 0.4443669756650D-03 0.4533918814682D-03
 0.4626010678523D-03 0.4719983378983D-03 0.4815875748041D-03 0.4913727436378D-03
 0.5013578931321D-03 0.5115471575204D-03 0.5219447584165D-03 0.5325550067375D-03
 0.5433823046741D-03 0.5544311477048D-03 0.5657061266600D-03 0.5772119298341D-03
 0.5889533451485D-03 0.6009352623656D-03 0.6131626753562D-03 0.6256406844214D-03
 0.6383744986710D-03 0.6513694384574D-03 0.6646309378709D-03 0.6781645472935D-03
 0.6919759360165D-03 0.7060708949205D-03 0.7204553392224D-03 0.7351353112888D-03
 0.7501169835198D-03 0.7654066613021D-03 0.7810107860379D-03 0.7969359382467D-03
 0.8131888407455D-03 0.8297763619089D-03 0.8467055190099D-03 0.8639834816452D-03
 0.8816175752472D-03 0.8996152846849D-03 0.9179842579555D-03 0.9367323099708D-03
 0.9558674264404D-03 0.9753977678536D-03 0.9953316735649D-03 0.1015677665984D-02
 0.1036444454876D-02 0.1057640941769D-02 0.1079276224484D-02 0.1101359601775D-02
 0.1123900578099D-02 0.1146908868501D-02 0.1170394403644D-02 0.1194367334956D-02
 0.1218838039924D-02 0.1243817127525D-02 0.1269315443809D-02 0.1295344077621D-02
 0.1321914366489D-02 0.1349037902666D-02 0.1376726539335D-02 0.1404992396987D-02
 0.1433847869975D-02 0.1463305633240D-02 0.1493378649235D-02 0.1524080175029D-02
 0.1555423769618D-02 0.1587423301432D-02 0.1620092956063D-02 0.1653447244198D-02
 0.1687501009786D-02 0.1722269438431D-02 0.1757768066028D-02 0.1794012787641D-02
 0.1831019866640D-02 0.1868805944101D-02 0.1907388048473D-02 0.1946783605530D-02
 0.1987010448615D-02 0.2028086829177D-02 0.2070031427622D-02 0.2112863364485D-02
 0.2156602211928D-02 0.2201268005585D-02 0.2246881256759D-02 0.2293462964980D-02
 0.2341034630947D-02 0.2389618269858D-02 0.2439236425144D-02 0.2489912182621D-02
 0.2541669185075D-02 0.2594531647296D-02 0.2648524371574D-02 0.2703672763670D-02
 0.2760002849293D-02 0.2817541291080D-02 0.2876315406116D-02 0.2936353184000D-02
 0.2997683305481D-02 0.3060335161691D-02 0.3124338873976D-02 0.3189725314380D-02
 0.3256526126765D-02 0.3324773748629D-02 0.3394501433617D-02 0.3465743274767D-02
 0.3538534228516D-02 0.3612910139489D-02 0.3688907766097D-02 0.3766564806990D-02
 0.3845919928377D-02 0.3927012792256D-02 0.4009884085590D-02 0.4094575550452D-02
 0.4181130015196D-02 0.4269591426667D-02 0.4360004883513D-02 0.4452416670624D-02
 0.4546874294755D-02 0.4643426521361D-02 0.4742123412708D-02 0.4843016367295D-02
 0.4946158160655D-02 0.5051602987559D-02 0.5159406505712D-02 0.5269625880977D-02
 0.5382319834187D-02 0.5497548689622D-02 0.5615374425200D-02 0.5735860724459D-02
 0.5859073030400D-02 0.5985078601258D-02 0.6113946568291D-02 0.6245747995655D-02
 0.6380555942448D-02 0.6518445527030D-02 0.6659493993678D-02 0.6803780781703D-02
 0.6951387597108D-02 0.7102398486897D-02 0.7256899916140D-02 0.7414980847921D-02
 0.7576732826260D-02 0.7742250062161D-02 0.7911629522893D-02 0.8084971024652D-02
 0.8262377328736D-02 0.8443954241384D-02 0.8629810717432D-02 0.8820058967937D-02
 0.9014814571959D-02 0.9214196592646D-02 0.9418327697827D-02 0.9627334285294D-02
 0.9841346612981D-02 0.1006049893423D-01 0.1028492963840D-01 0.1051478139699D-01
 0.1075020131557D-01 0.1099134109175D-01 0.1123835717945D-01 0.1149141095971D-01
 0.1175066891838D-01 0.1201630283101D-01 0.1228848995513D-01 0.1256741323037D-01
 0.1285326148677D-01 0.1314622966151D-01 0.1344651902459D-01 0.1375433741377D-01
 0.1406989947918D-01 0.1439342693810D-01 0.1472514884029D-01 0.1506530184436D-01
 0.1541413050579D-01 0.1577188757694D-01 0.1613883431970D-01 0.1651524083140D-01
 0.1690138638451D-01 0.1729755978077D-01 0.1770405972043D-01 0.1812119518733D-01
 0.1854928585048D-01 0.1898866248298D-01 0.1943966739900D-01 0.1990265490980D-01
 0.2037799179953D-01 0.2086605782181D-01 0.2136724621809D-01 0.2188196425880D-01
 0.2241063380830D-01 0.2295369191493D-01 0.2351159142715D-01 0.2408480163715D-01
 0.2467380895324D-01 0.2527911760236D-01 0.2590125036412D-01 0.2654074933808D-01
 0.2719817674560D-01 0.2787411576821D-01 0.2856917142413D-01 0.2928397148479D-01
 0.3001916743347D-01 0.3077543546789D-01 0.3155347754914D-01 0.3235402249912D-01
 0.3317782714897D-01 0.3402567754083D-01 0.3489839018598D-01 0.3579681338171D-01
 0.3672182859021D-01 0.3767435188248D-01 0.3865533545046D-01 0.3966576919101D-01
 0.4070668236516D-01 0.4177914533664D-01 0.4288427139366D-01 0.4402321865811D-01
 0.4519719208679D-01 0.4640744556931D-01 0.4765528412770D-01 0.4894206622282D-01
 0.5026920617330D-01 0.5163817669271D-01 0.5305051155111D-01 0.5450780836748D-01
 0.5601173153991D-01 0.5756401532057D-01 0.5916646704330D-01 0.6082097051168D-01
 0.6252948955594D-01 0.6429407176793D-01 0.6611685242313D-01 0.6800005860001D-01
 0.6994601350688D-01 0.7195714102753D-01 0.7403597049698D-01 0.7618514172002D-01
 0.7840741024509D-01 0.8070565290743D-01 0.8308287365582D-01 0.8554220967812D-01
 0.8808693784165D-01 0.9072048146535D-01 0.9344641744157D-01 0.9626848372629D-01
 0.9919058721765D-01 0.1022168120438D+00 0.1053514282820D+00 0.1085989011324D+00
 0.1119639005710D+00 0.1154513115078D+00 0.1190662444771D+00 0.1228140468890D+00
 0.1267003148725D+00 0.1307309057416D+00 0.1349119511186D+00 0.1392498707497D+00
 0.1437513870499D+00 0.1484235404173D+00 0.1532737053566D+00 0.1583096074569D+00
 0.1635393412677D+00 0.1689713891223D+00 0.1746146409579D+00 0.1804784151865D+00
 0.1865724806700D+00 0.1929070798596D+00 0.1994929531592D+00 0.2063413645765D+00
 0.2134641287288D+00 0.2208736392729D+00 0.2285828988322D+00 0.2366055504954D+00
 0.2449559109679D+00 0.2536490054563D+00 0.2627006043720D+00 0.2721272619428D+00
 0.2819463568228D+00 0.2921761347976D+00 0.3028357536797D+00 0.3139453304965D+00
 0.3255259910741D+00 0.3375999221200D+00 0.3501904259149D+00 0.3633219777205D+00
 0.3770202860143D+00 0.3913123556617D+00 0.4062265541361D+00 0.4217926808949D+00
 0.4380420400207D+00 0.4550075162302D+00 0.4727236543506D+00 0.4912267423571D+00
 0.5105548980561D+00 0.5307481594902D+00 0.5518485791264D+00 0.5739003218762D+00
 0.5969497669746D+00 0.6210456137265D+00 0.6462389910990D+00 0.6725835711096D+00
 0.7001356859222D+00 0.7289544485221D+00 0.7591018767891D+00 0.7906430207329D+00
 0.8236460925875D+00 0.8581825993870D+00 0.8943274775551D+00 0.9321592295072D+00
 0.9717600588009D+00 0.1013077448398D+01 0.1056047129940D+01 0.1100738963183D+01
 0.1147226205660D+01 0.1195585703933D+01 0.1245898097071D+01 0.1298248033182D+01
 0.1352724399911D+01 0.1409420569881D+01 0.1468434662111D+01 0.1529869820543D+01
 0.1593834510854D+01 0.1660442836859D+01 0.1729814877872D+01 0.1802077048507D+01
 0.1877362482488D+01 0.1955811442194D+01 0.2037571755725D+01 0.2122799283467D+01
 0.2211658416234D+01 0.2304322607222D+01 0.2400974940205D+01 0.2501808736504D+01
 0.2607028203535D+01 0.2716849127859D+01 0.2831499615915D+01
    0    0
